xplot yplot Bspline_fit Pspline_fit SCP_spline_fit
0.1 0.0038609082724554255 -0.036221682988865564 -0.023710618478996998 -0.060067361672174815
0.10070070070070071 0.003998376470810183 -0.027778091215271077 -0.022435290805918513 -0.06006754198263872
0.1014014014014014 0.004140332658994905 -0.02034270700389095 -0.021304968532225528 -0.060067729334355974
0.1021021021021021 0.004286907803511525 -0.013889940181097675 -0.02033583133151456 -0.06006792373201429
0.10280280280280281 0.0044382361292579844 -0.008394200573264066 -0.019544058877382222 -0.060068125180301496
0.10350350350350351 0.004594455181232002 -0.00382989800676288 -0.018945830843425077 -0.06006833368390536
0.1042042042042042 0.004755705886757467 -0.00017144230796691667 -0.0185573269032397 -0.06006854924751364
0.10490490490490491 0.004922132618214581 0.0026067566967512765 -0.018394726730422653 -0.06006877187581416
0.10560560560560561 0.005093883256253867 0.004530289181018873 -0.018474209998570527 -0.060069001573494665
0.10630630630630632 0.00527110925347307 0.005624745318463145 -0.018811956381279877 -0.06006923834524294
0.10700700700700701 0.005453965698535158 0.005915715282711398 -0.019424145552147273 -0.060069482195746794
0.10770770770770771 0.005642611380704248 0.005428789247390896 -0.02032695718476931 -0.060069733129693985
0.10840840840840842 0.005837208854775226 0.004189557386128903 -0.021536570952742543 -0.06006999115177228
0.10910910910910912 0.0060379245063721144 0.002223609872552712 -0.023069166529663558 -0.060070256266669515
0.10980980980980981 0.0062449286175885015 -0.00044346311971034565 -0.02494092358912888 -0.06007052847907342
0.11051051051051052 0.0064583954329426735 -0.003786071417033113 -0.027168021804735154 -0.06007080779367178
0.11121121121121122 0.006678503225618656 -0.007778624845788246 -0.029766640850078924 -0.060071094215152394
0.11191191191191192 0.006905434363963386 -0.012395533232348491 -0.032752960398756754 -0.060071387748203045
0.11261261261261261 0.0071393753782088105 -0.01761120640308645 -0.036143160124365165 -0.06007168839751151
0.11331331331331332 0.007380517027386608 -0.023400054184375053 -0.039953419700500835 -0.06007199616776555
0.11401401401401402 0.007629054366402215 -0.029736486402586932 -0.044199918800760296 -0.06007231106365297
0.11471471471471473 0.007885186813233002 -0.03659491288409479 -0.04889883709874012 -0.06007263308986155
0.11541541541541542 0.00814911821621481 -0.04394974345527123 -0.054066354268036756 -0.06007296225107906
0.11611611611611612 0.008421056921379526 -0.05177538794248925 -0.059718649982246984 -0.06007329855199328
0.11681681681681683 0.008701215839804868 -0.06004625617212144 -0.0658719039149673 -0.06007364199729201
0.11751751751751752 0.008989812514936633 -0.06873451059719597 -0.07253970893735001 -0.06007368398365473
0.11821821821821822 0.009287069189842215 -0.07772181656820328 -0.07963149270624692 -0.06006068889796299
0.11891891891891893 0.009593212874352549 -0.08677043671809599 -0.08691924632737644 -0.060005524814961096
0.11961961961961963 0.009908475412048905 -0.09563446558823864 -0.09416555915781699 -0.059877938171778944
0.12032032032032033 0.01023309354704909 -0.10406799771999567 -0.10113302055464693 -0.05964767540554647
0.12102102102102102 0.010567308990546588 -0.1118251276547315 -0.10758421987494465 -0.059284482953393586
0.12172172172172173 0.010911368487054466 -0.1186599499338109 -0.11328174647578874 -0.058758107252450203
0.12242242242242243 0.011265523880304912 -0.1243265590985982 -0.1179881897142575 -0.05803829473984625
0.12312312312312312 0.011630032178753726 -0.1285790496904579 -0.12146613894742926 -0.05709479185271164
0.12382382382382383 0.012005155620637538 -0.13117151625075457 -0.1234781835323826 -0.05589734502817628
0.12452452452452453 0.012391161738530273 -0.1318580533208527 -0.12378691282619589 -0.054415700703370096
0.12522522522522522 0.012788323423344256 -0.13039275544211684 -0.12215491618594755 -0.052619605315423035
0.12592592592592594 0.013196918987719556 -0.12652971715591127 -0.11834478296871584 -0.050478805301464896
0.12662662662662663 0.01361723222874382 -0.12002303300360087 -0.11211910253157945 -0.04796304709862579
0.12732732732732732 0.014049552489944068 -0.11062679752655 -0.10324046423161673 -0.04504207714403553
0.12802802802802804 0.014494174722489513 -0.09812371832226435 -0.09149832233175065 -0.041689118098957555
0.12872872872872873 0.014951399545544 -0.08267683780799212 -0.07703922888520578 -0.03792359982016466
0.12942942942942945 0.015421533305705056 -0.06471931025054424 -0.06026334497495178 -0.03379776827905836
0.13013013013013014 0.015904888135464635 -0.04469004588151858 -0.04157623598090866 -0.029364568744019
0.13083083083083083 0.016401782010626174 -0.02302795493251107 -0.021383467282994645 -0.024676946483426415
0.13153153153153155 0.016912538806610537 -0.00017194763511732547 -9.060426112761366e-05 -0.0197878467656604
0.13223223223223224 0.017437488353582314 0.02343906577906424 0.021896787704771867 -0.01475021485910136
0.13293293293293296 0.017976966490327005 0.04736617507843896 0.04417314323478677 -0.009616996032128882
0.13363363363363365 0.01853131511680725 0.07117047003140839 0.06633289694899652 -0.004441135553123362
0.13433433433433434 0.019100882245326592 0.09441304040637687 0.08797048346748328 0.0007244213095353759
0.13503503503503506 0.01968602205022621 0.11665497597174868 0.10868033741032886 0.005826729287467542
0.13573573573573575 0.020287094916040117 0.13745736649592566 0.1280568933976131 0.01081284311229274
0.13643643643643644 0.02090446748403288 0.15638130174731196 0.14569458604941787 0.01562981751563117
0.13713713713713716 0.021538512697041743 0.17298787149431177 0.16118784998582497 0.02022470722910301
0.13783783783783785 0.022189609842545307 0.18683816550532717 0.17413111982691437 0.024544566984327894
0.13853853853853854 0.022858144593878516 0.19756375722881486 0.18418411649522257 0.028543681100859634
0.13923923923923925 0.023544509049513596 0.20521811607912335 0.19139734680319692 0.03221960822759996
0.13993993993993994 0.024249101770324247 0.2100109955171388 0.19596607742150274 0.03558593723854955
0.14064064064064064 0.024972327814751075 0.2121524034768364 0.19808581072937007 0.038656283109291666
0.14134134134134135 0.02571459877178311 0.21185234789219096 0.1979520491060284 0.04144426081540953
0.14204204204204204 0.026476332791671147 0.20932083669717721 0.19576029493070723 0.043963485332485994
0.14274274274274276 0.027257954614286733 0.20476787782577008 0.19170605058263632 0.046227571636104435
0.14344344344344345 0.028059895595039352 0.19840347921194462 0.18598481844104542 0.04825013470184777
0.14414414414414417 0.028882593728265033 0.19043764878967534 0.1787921008851638 0.05004478950529927
0.14484484484484486 0.0297264936679964 0.18108039449293756 0.17032340029422166 0.05162515102204192
0.14554554554554555 0.030592046746026107 0.170541724255706 0.16077421904744832 0.0530048342276589
0.14624624624624627 0.03147971098717234 0.15903164601195496 0.15034005952407303 0.05419745409773338
0.14694694694694696 0.0323899511216563 0.14676016769566025 0.13921642410332616 0.0552166256078484
0.14764764764764765 0.03332323859449983 0.13393729724079628 0.12759881516443705 0.056075963733587086
0.14834834834834837 0.034280051571851156 0.1207730425813374 0.11568273508663479 0.056789083450532615
0.14904904904904906 0.035260874944146064 0.1074774116512595 0.10366368624914996 0.057369599734268036
0.14974974974974975 0.036266200326011876 0.09426041238453692 0.09173717103121169 0.057831127560376505
0.15045045045045047 0.037296526052820016 0.08133205271514402 0.0800986918120492 0.058187281904441134
0.15115115115115116 0.03835235717379398 0.0689023405770567 0.06894375097089306 0.05845167774204504
0.15185185185185185 0.03943420544157849 0.057181283904249265 0.05846785088697238 0.05863793004877131
0.15255255255255257 0.040542589298175266 0.04637889063069621 0.04886649393951645 0.05875965380020312
0.15325325325325326 0.041678033857151034 0.0367051686903732 0.04033518250775561 0.05883046397192354
0.15395395395395395 0.04284107088202382 0.028370126017254704 0.033069418970919154 0.05886397553951572
0.15465465465465467 0.04403223876073204 0.021583770545315312 0.027264705708236484 0.05887380347856275
0.15535535535535536 0.04525208247609268 0.016555113399741753 0.023115522059592324 0.05887352238291373
0.15605605605605607 0.04650115357215438 0.013384820771646693 0.02070515138457059 0.05887231768336161
0.15675675675675677 0.04778001011635024 0.0119694327170559 0.019907379423969168 0.05887110545414288
0.15745745745745748 0.049089216657358554 0.012182891915222385 0.020572799902420738 0.058869886326864976
0.15815815815815817 0.05042934417857595 0.013899141045399264 0.022552006544557947 0.058868660933135315
0.15885885885885886 0.051800970047112115 0.016992122786839634 0.02569559307501355 0.05886742990456134
0.15955955955955958 0.05320467795821224 0.021335779818796828 0.029854153218420453 0.05886619387275048
0.16026026026026027 0.054641057875016295 0.026804054820523626 0.03487828069941108 0.058864953469310144
0.16096096096096096 0.05611070596356469 0.03327089047127331 0.0406185692426183 0.0588637093258478
0.16166166166166168 0.057614224522959376 0.040610229450299316 0.046925612572675114 0.058862462073970834
0.16236236236236237 0.05915222191059148 0.0486953343353457 0.05365037899441052 0.05886121232489943
0.16306306306306306 0.06072531246234882 0.05737573392288098 0.06065690869140958 0.058859959978391066
0.16376376376376378 0.062334116407713955 0.0664716056023727 0.06782540775142372 0.058858704054342126
0.16446446446446447 0.06397925977966909 0.07580130721752429 0.0750370844152665 0.058857443518104846
0.16516516516516516 0.06566137431932316 0.08518319661204024 0.08217314692375238 0.0588561773350314
0.16586586586586588 0.0673810973751772 0.0944356316296251 0.0891148035176958 0.05885490447047409
0.1665665665665666 0.06913907179694753 0.1033769701139826 0.09574326243791059 0.0588536238897851
0.16726726726726726 0.07093594582386684 0.11182556990881626 0.10193973192521048 0.05885233455831669
0.16796796796796798 0.07277237296738572 0.11959978885783154 0.10758542022041054 0.05885103544142105
0.1686686686686687 0.07464901188819695 0.12651798480473186 0.11256153556432444 0.05884972550445042
0.16936936936936936 0.07656652626751001 0.132398515593221 0.11674928619776603 0.05884840371275704
0.17007007007007008 0.07852558467250437 0.13705973906700392 0.1200298803615501 0.05884706903169312
0.1707707707707708 0.08052686041588787 0.14032001306978442 0.1222845262964905 0.058845720426610924
0.1714714714714715 0.08257103140949794 0.14199769544526647 0.12339443224340128 0.05884435686286264
0.17217217217217218 0.0846587800118769 0.14191114403715444 0.12324080644309676 0.05884297730580054
0.1728728728728729 0.08679079286975978 0.1398956859798834 0.12171652950531223 0.058842532167335974
0.1735735735735736 0.08896776075341392 0.13599237786408222 0.11885599355895643 0.05885550684845665
0.17427427427427428 0.09119037838577573 0.13037913649235694 0.11478773037083753 0.05890206032825298
0.174974974974975 0.09345934426532687 0.12323635268549812 0.1096419734673377 0.05900249030086993
0.17567567567567569 0.09577536048266028 0.11474441726429735 0.10354895637483988 0.059177094460452495
0.17637637637637638 0.09813913253068864 0.10508372104954528 0.09663891261972635 0.059446170501145604
0.1770770770770771 0.10055136910844827 0.09443465486203244 0.08904207572837941 0.05983001611709425
0.17777777777777778 0.10301278191845775 0.08297760952255064 0.08088867922718201 0.0603489290024434
0.17847847847847848 0.10552408545759413 0.0708929758518905 0.07230895664251644 0.061023206851338024
0.1791791791791792 0.10808599680144987 0.05836114467084237 0.06343314150076482 0.0618731473579231
0.1798798798798799 0.11069923538214121 0.04556250680019781 0.054391467328310045 0.06291904821634361
0.18058058058058057 0.11336452275953994 0.032677453060748776 0.0453141676515353 0.06418120712074442
0.1812812812812813 0.11608258238590728 0.019886374273284088 0.03633147599682161 0.06567992176527067
0.181981981981982 0.11885413936390617 0.007369661258595922 0.02757362589055229 0.06743548984406726
0.1826826826826827 0.12167992019798214 -0.004692295162524396 0.019170850859110106 0.06946820905127907
0.1833833833833834 0.12456065253909887 -0.016119104169286302 0.011253384428877272 0.0717983770810511
0.1840840840840841 0.12749706492282264 -0.026730374940899415 0.003951460126235887 0.0744462916275285
0.1847847847847848 0.13048988650075294 -0.036345716656571686 -0.0026046885224308147 0.07743225038485599
0.1854854854854855 0.13353984676530425 -0.04478473849551279 -0.008284827990740692 0.08077655104717862
0.1861861861861862 0.13664767526784286 -0.05186704963693198 -0.012958724752311482 0.08449949130864154
0.1868868868868869 0.13981410133019342 -0.057412259260037596 -0.016496145280760224 0.08862136886338941
0.1875875875875876 0.14303985374953135 -0.061239976544039176 -0.018766856049704697 0.09316248140556735
0.1882882882882883 0.1463256604966825 -0.0631698106681457 -0.019640623532762358 0.09814312662932057
0.188988988988989 0.1496722484078573 -0.063021370811566 -0.01898721420355065 0.10358360222879356
0.1896896896896897 0.15308034286985328 -0.06061426615350937 -0.01667639453568716 0.10950420589813152
0.1903903903903904 0.1565506674987605 -0.05576810587318448 -0.012577931002789158 0.1159252353314797
0.1910910910910911 0.16008394381221477 -0.04830249914980084 -0.006561590078474497 0.12286698822298256
0.1917917917917918 0.1636808908952475 -0.03803705516256728 0.0015028617636394237 0.13034976226678527
0.1924924924924925 0.16734222505978402 -0.024791383090692287 0.011745658049935631 0.13839385515703317
0.19319319319319322 0.17106865949785136 -0.008385324243968484 0.024296866633765207 0.1470195215389046
0.1938938938938939 0.17486090392856055 0.011203602899352905 0.03917402019945254 0.1562177745891624
0.1945945945945946 0.17871966423893557 0.03356612083261645 0.05608650234597691 0.16589955712235205
0.19529529529529532 0.18264564211866144 0.05821971478409699 0.07469142678388474 0.17596222999188615
0.19599599599599601 0.18663953468884042 0.08468186998206972 0.0946459072237228 0.18630315405117748
0.1966966966966967 0.19070203412484157 0.11247007165481174 0.11560705737603942 0.19681969015363965
0.19739739739739742 0.19483382727333848 0.14110180503060069 0.13723199095138314 0.2074091991526863
0.1980980980980981 0.19903559526363632 0.17009455533771034 0.15917782166029976 0.21796904190172983
0.1987987987987988 0.20330801311339833 0.1989658078044183 0.18110166321333793 0.22839657925418394
0.19949949949949952 0.20765174932887995 0.22723304765900185 0.20266062932104587 0.2385891720634622
0.2002002002002002 0.2120674654997947 0.25441577962149614 0.22351326381524317 0.24844463199843309
0.2009009009009009 0.21655581588893566 0.2802094566316252 0.2434427098437128 0.25790004802457156
0.20160160160160162 0.22111744701668526 0.3046195236144408 0.262451634169732 0.2669617092798506
0.2023023023023023 0.2257529972405517 0.3276829800537589 0.2805650492014756 0.2756429488937422
0.203003003003003 0.23046309632987874 0.34943682543339877 0.2978079673471211 0.28395709999571994
0.20370370370370372 0.23524836503587757 0.369918059237179 0.3142054010148454 0.2919174957152568
0.20440440440440444 0.24010941465714042 0.38916368094891673 0.329782362612824 0.29953746918182544
0.2051051051051051 0.24504684660080042 0.40721069005242877 0.3445638645492325 0.3068303535248981
0.20580580580580582 0.25006125193950934 0.424096086031536 0.35857491923224954 0.3138094818739491
0.20650650650650654 0.25515321096440585 0.4398568683700547 0.37184053907005027 0.3204881873584504
0.20720720720720723 0.2603232927342638 0.4545300365518025 0.3843857364708107 0.32687980310787473
0.20790790790790792 0.2655720546210089 0.46815259006059823 0.3962355238427078 0.3329976622516955
0.20860860860860864 0.27090004185179706 0.48076152838025993 0.40741491359391824 0.33885509791938545
0.20930930930930933 0.27630778704786074 0.49239385099460514 0.41794891813261775 0.34446544324041745
0.21001001001001002 0.2817958097603328 0.503086557387452 0.4278625498669831 0.34984203134426434
0.21071071071071074 0.2873646160032603 0.5128766470426191 0.43718082120519103 0.35499819536039917
0.21141141141141143 0.29301469778403244 0.5218011194439236 0.4459287445554174 0.3599472684182947
0.21211211211211212 0.2987465326314508 0.5298969740751842 0.45413133232583885 0.36470258364742386
0.21281281281281283 0.3045605831216745 0.5372012104202188 0.46181359692463203 0.3692774741772597
0.21351351351351353 0.3104572964022807 0.5437508279628449 0.4690005507599728 0.3736852731372748
0.21421421421421422 0.3164371037146892 0.5495828261868809 0.475717206240038 0.3779393136569422
0.21491491491491493 0.32250041991520023 0.5547342045761452 0.48198857577300414 0.38205292886573516
0.21561561561561562 0.32864764299490334 0.5592419626144552 0.48783967176704723 0.38603945189312594
0.21631631631631631 0.33487915359872594 0.563143099785629 0.4932955066303438 0.3899122158685877
0.21701701701701703 0.341195314543885 0.566474615573485 0.4983810927710706 0.3936845539215936
0.21771771771771775 0.34759647033802005 0.569273509461841 0.5031214425974039 0.3973697991816164
0.21841841841841841 0.35408294669728746 0.5715767809345148 0.5075415685175195 0.40098128477812855
0.21911911911911913 0.3606550500647046 0.5734214294753247 0.5116664829395947 0.4045323438406037
0.21981981981981985 0.3673130671290266 0.5748444545680885 0.5155211982718055 0.4080363094985142
0.22052052052052054 0.3740572643444631 0.5758828556966247 0.5191307269223282 0.4115065148813331
0.22122122122122123 0.38088788745152735 0.5765736323447507 0.5225200812993395 0.4149562931185333
0.22192192192192195 0.3878051609993278 0.5769537839962846 0.5257142738110155 0.41839897733958775
0.22262262262262264 0.39480928786960945 0.5770603101350451 0.528738316865533 0.4218479006739693
0.22332332332332333 0.4019004488028646 0.5769302102448495 0.531617222871068 0.42531639625115075
0.22402402402402405 0.40907880192682833 0.576600483809516 0.5343760042357975 0.4288177972006053
0.22472472472472474 0.41634448228768073 0.5761081303128627 0.5370396733678972 0.4323654366518055
0.22542542542542543 0.4236976013842905 0.5754901492387074 0.5396332426755437 0.4359726477342243
0.22612612612612615 0.4311382467058225 0.5747835400708687 0.5421817245669139 0.43965276357733507
0.22682682682682684 0.4386664812730474 0.5740253022931638 0.5447101314501837 0.4434191173106099
0.22752752752752756 0.44628234318369475 0.5732524353894115 0.5472434757335297 0.4472850420635224
0.22822822822822825 0.45398584516218277 0.5725019388434294 0.5498067698251283 0.451263870965545
0.22892892892892894 0.46177697411407836 0.5718108121390354 0.5524250261331558 0.4553689371461508
0.22962962962962966 0.4696556906856257 0.5712160547600478 0.5551232570657889 0.45961357373481293
0.23033033033033035 0.47762192882869686 0.5707546661902844 0.5579264750312039 0.4640111138610037
0.23103103103103104 0.4856755953715175 0.5704636459135634 0.5608596924375768 0.4685748906541964
0.23173173173173175 0.49381656959551734 0.5703799934137028 0.5639479216930847 0.473318237243864
0.23243243243243245 0.5020447028186609 0.5705407081745205 0.5672161752059036 0.47825448675947924
0.23313313313313316 0.5103598179856211 0.5709827896798347 0.5706894653842101 0.48339697233051515
0.23383383383383385 0.518761709265145 0.5717407357246453 0.5743910875347243 0.4887580200036626
0.23453453453453454 0.5272501416549792 0.5728244675130036 0.5783274681594623 0.4943400622443639
0.23523523523523526 0.5358248505947081 0.5742299568321124 0.5824954592027218 0.5001399160244706
0.23593593593593595 0.544485541586868 0.5759530153610894 0.5868918027143064 0.5061543338625349
0.23663663663663664 0.5532318898267007 0.5779894547790525 0.5915132407440198 0.5123800682771101
0.23733733733733736 0.5620635398409 0.5803350867651197 0.5963565153416668 0.5188138717867494
0.23803803803803805 0.5709801051357148 0.5829857229984089 0.6014183685570507 0.5254524969100051
0.23873873873873874 0.5799811678547726 0.5859371751580378 0.6066955424399755 0.5322926961654302
0.23943943943943946 0.5890662784469718 0.5891852549231248 0.6121847790402457 0.5393312220715785
0.24014014014014015 0.5982349553448065 0.5927257739727875 0.617882820407665 0.5465648271470018
0.24084084084084087 0.6074866846534807 0.5965545439861437 0.6237864085920373 0.5539902639102537
0.24154154154154156 0.6168209198511581 0.6006673766423116 0.6298922856431666 0.5616042848798868
0.24224224224224225 0.6262370815007069 0.605060083620409 0.636197193610857 0.5694036425744541
0.24294294294294297 0.635734556973284 0.6097284765995541 0.6426978745449127 0.5773850895125088
0.24364364364364366 0.6453127001841024 0.6146683672588642 0.6493910704951371 0.5855453782126032
0.24434434434434435 0.6549708313407329 0.6198755672774577 0.6562735235113346 0.5938812611932909
0.24504504504504507 0.6647082367042705 0.6253458883344527 0.6633419756433094 0.6023894909731247
0.24574574574574576 0.6745241683637051 0.6310751421089665 0.670593168940865 0.6110668200706568
0.24644644644644648 0.684417844023831 0.6370591402801178 0.6780238454538059 0.6199100010044413
0.24714714714714717 0.6943884468070144 0.6432936945270238 0.6856307472319355 0.62891578629303
0.24784784784784786 0.704435125069151 0.6497746165288026 0.6934106163250582 0.6380809284549764
0.24854854854854858 0.7145569922301227 0.6564977179645726 0.701360194782978 0.6474021800088336
0.24924924924924927 0.7247531266190679 0.6634588105134512 0.7094762246554986 0.656876293473154
0.24994994994994996 0.7350225713347762 0.6706537058545563 0.7177554479924242 0.6665000213664908
0.2506506506506507 0.7453643341214996 0.6780782156670067 0.7261946068435592 0.6762701162073974
0.25135135135135134 0.7557773872604785 0.6857281516299187 0.7347904432587063 0.6861833305144253
0.25205205205205206 0.7662606674774729 0.693599325422412 0.7435396992876713 0.6962364168061291
0.2527527527527528 0.7768130758665679 0.7016875487236035 0.7524391169802569 0.706426127601061
0.2534534534534535 0.7874334778305384 0.7099886332126116 0.7614854383862677 0.716749215417774
0.2541541541541542 0.7981207030380307 0.718498390568554 0.7706754055555076 0.727202432774821
0.2548548548548549 0.8088735453978196 0.7272126324705475 0.7800057605377795 0.7377825321907538
0.25555555555555554 0.8196907630503925 0.7361271705977115 0.7894732453828881 0.7484862661841266
0.25625625625625625 0.830571078377094 0.745237816629164 0.7990746021406386 0.7593103872734926
0.256956956956957 0.8415131780270682 0.7545403822440224 0.8088065728608338 0.7702516479774044
0.2576576576576577 0.8525157129622194 0.764030679121405 0.8186658995932783 0.7813068008144148
0.2583583583583584 0.8635772985204038 0.7737045189404291 0.8286493243877753 0.7924725983030766
0.25905905905905907 0.8746965144970514 0.7835577133802123 0.8387535892941285 0.8037457929619418
0.2597597597597598 0.8858719052454186 0.7935860741198738 0.8489754363621433 0.8151231373095653
0.26046046046046045 0.8971019797956395 0.8037854128385304 0.8593116076416223 0.8266013838644983
0.26116116116116117 0.9083852119927689 0.814151541215301 0.869758845182371 0.8381772851452951
0.2618618618618619 0.9197200406539526 0.8246802709293033 0.8803138910341924 0.8498475936705081
0.2625625625625626 0.9311048697448975 0.835367413659655 0.8909734872468908 0.8616090619586902
0.26326326326326327 0.942538068575762 0.8462087810854728 0.9017343758702691 0.873458442528393
0.263963963963964 0.9540179720166073 0.8572001848858768 0.912593298954133 0.8853924878981718
0.26466466466466465 0.965542880732506 0.8683374367399832 0.923546998548285 0.8974079505865773
0.26536536536536537 0.9771110614384351 0.8796163483269114 0.9345922167025307 0.9095015831121646
0.2660660660660661 0.9887207471740133 0.8910327313257786 0.9457256954666731 0.9216701379934853
0.2667667667667668 1.0003701375981884 0.9025823974157028 0.9569441768905163 0.9339103677490926
0.2674674674674675 1.0120573993039195 0.9142611582758016 0.9682444030238639 0.9462190248975393
0.2681681681681682 1.0237806661529099 0.9260648255851927 0.97962311591652 0.9585928619573776
0.26886886886886885 1.035538039630439 0.937989211022994 0.9910770576182886 0.971028631447161
0.26956956956956957 1.0473275892202973 0.9500301262683251 1.002602970178975 0.9835230858854438
0.2702702702702703 1.0591473527998543 0.9621833830003027 1.014197595648382 0.9960729777907775
0.270970970970971 1.0709953370552467 0.9744447928980449 1.0258576760763138 1.0086750596817156
0.2716716716716717 1.0828695179166743 0.9868101676406693 1.0375799535125743 1.0213260840768106
0.2723723723723724 1.094767841013766 0.9992753189072929 1.0493611700069665 1.0340228034946142
0.2730730730730731 1.106688222150983 1.0118360583770358 1.0611980676092965 1.0467619704536817
0.27377377377377377 1.1186285478029814 1.0244881977290141 1.0730873883693661 1.059540337472564
0.2744744744744745 1.1305866756298812 1.0372275486423472 1.0850258743369814 1.0723546570698161
0.2751751751751752 1.1425604350123344 1.0500499227961524 1.0970102675619455 1.0852016817639898
0.2758758758758759 1.1545476276063018 1.0629511318695477 1.1090373100940623 1.098078164073638
0.27657657657657664 1.1665460279174154 1.0759269875416508 1.1211037439831357 1.1109808565173136
0.2772772772772773 1.1785533838947913 1.0889733014915786 1.133206311278969 1.1239065116135687
0.27797797797797796 1.190567417544155 1.1020858853984503 1.1453417540313668 1.1368518818809572
0.2786786786786787 1.202585825560102 1.1152605509413847 1.1575068142901344 1.1498137198380327
0.2793793793793794 1.2146062799773283 1.1284931097994981 1.1696982341050743 1.1627887780033472
0.2800800800800801 1.2266264288406354 1.1417793736519095 1.1819127555259907 1.1757738088954537
0.28078078078078084 1.2386438968935016 1.155115154177736 1.1941471206026884 1.1887655650329056
0.2814814814814815 1.2506562862849955 1.168496263056095 1.2063980713849691 1.2017607989342542
0.28218218218218216 1.262661177294801 1.1819185119661053 1.218662349922639 1.2147562631180537
0.2828828828828829 1.2746561290760952 1.1953777125868859 1.230936698265502 1.227748710102858
0.2835835835835836 1.2866386804160126 1.2088696765975533 1.2432178584633617 1.2407348924072188
0.2842842842842843 1.2986063505134233 1.222390215677226 1.255502572566022 1.2537115625496893
0.28498498498498503 1.3105566397737196 1.2359351415050217 1.267787582623287 1.266675473048822
0.2856856856856857 1.3224870306203025 1.249500265760057 1.2800696306849595 1.2796233764231693
0.2863863863863864 1.3343949883224506 1.263081400121452 1.2923454588008454 1.2925520251912863
0.2870870870870871 1.3462779618392149 1.276674356268323 1.3046118090207472 1.3054581718717233
0.2877877877877878 1.3581333846790113 1.2902749458797897 1.3168654233944705 1.3183385689830356
0.2884884884884885 1.3699586757745161 1.3038789806349693 1.3291030439718183 1.3311899690437752
0.28918918918918923 1.3817512403725059 1.3174822722129789 1.3413214128025945 1.3440091245724946
0.28988988988988995 1.3935084709382326 1.3310806322929372 1.3535172719366035 1.356792788087747
0.2905905905905906 1.4052277480739301 1.3446698725539608 1.3656873634236475 1.3695377121080843
0.2912912912912913 1.416906441451035 1.3582458046751686 1.3778284293135323 1.3822406491520605
0.291991991991992 1.4285419107556756 1.3718042403356796 1.3899372116560629 1.3948983517382296
0.2926926926926927 1.4401315066469889 1.3853409912146109 1.4020104525010415 1.407507572385143
0.29339339339339343 1.4516725717278096 1.3988518689910803 1.4140448938982728 1.420065063611354
0.29409409409409415 1.4631624415272486 1.4123326853442055 1.426037277897561 1.432567577935416
0.2947947947947948 1.4745984454946799 1.4257792519531038 1.4379843465487079 1.4450118678758797
0.29549549549549553 1.4859779080046476 1.4391873804968949 1.4498828419015206 1.4573946859513014
0.2961961961961962 1.4972981493721647 1.4525528826546947 1.4617295060058009 1.4697127846802314
0.2968968968968969 1.5085564868779135 1.465871570105623 1.4735210809113544 1.481962916581224
0.29759759759759763 1.5197502358027872 1.4791392545287971 1.4852543086679844 1.4941418341728323
0.29829829829829835 1.5308767104712562 1.4923517476033348 1.4969259313254948 1.5062462899736084
0.298998998998999 1.5419332253029947 1.5055048610083528 1.5085326909336887 1.5182730365021042
0.29969969969969973 1.552917095872216 1.5185944064229717 1.520071329542372 1.5302188262768757
0.3004004004004004 1.563825639974132 1.5316161955263063 1.531538589201347 1.5420804118164724
0.3011011011011011 1.574656178697981 1.5445660399974774 1.5429312119604188 1.55385454563945
0.30180180180180183 1.5854060375060097 1.5574397515156015 1.554245939869391 1.5655379802643599
0.30250250250250255 1.596072547317837 1.570233141759797 1.565479514978068 1.5771274682097558
0.30320320320320326 1.6066530455995798 1.5829420224091815 1.5766286793362534 1.5886197619941902
0.3039039039039039 1.6171448774571362 1.5955622051428717 1.58769017499375 1.6000116141362148
0.3046046046046046 1.627545396733009 1.6080895016399868 1.5986607440003628 1.611299777154384
0.3053053053053053 1.6378519671060385 1.6205197235796456 1.609537128405897 1.622481003567251
0.306006006006006 1.64806196319342 1.6328486826409654 1.6203160702601558 1.6335520458933688
0.30670670670670674 1.6581727716543655 1.6450721905030639 1.6309943116129428 1.6445096566512893
0.30740740740740746 1.6681817922947726 1.6571860588450587 1.6415685945140621 1.6553505883595665
0.3081081081081081 1.6780864391722454 1.6691860993460668 1.6520356610133164 1.6660715935367507
0.30880880880880884 1.6878841417008283 1.681068123685209 1.6623922531605126 1.6766694247013985
0.3095095095095095 1.6975723457547833 1.6928279435415998 1.6726351130054518 1.68714083437206
0.3102102102102102 1.7071485147707708 1.7044613705943603 1.6827609825979404 1.69748257506729
0.31091091091091094 1.7166101308477553 1.715964216522607 1.6927666039877811 1.7076913993056408
0.31161161161161166 1.7259546958439884 1.7273322930054578 1.7026487192247783 1.7177640596056651
0.3123123123123123 1.7351797324703937 1.7385614117220294 1.7124040703587344 1.7276973084859149
0.31301301301301304 1.7442827853796967 1.749647384351442 1.7220293994394558 1.737487898464945
0.3137137137137137 1.7532614222506195 1.7605860225728116 1.731521448516745 1.7471325820613066
0.3144144144144144 1.7621132348664947 1.771373138065258 1.7408769596404068 1.7566281117935545
0.31511511511511514 1.770835840187608 1.7820045425078985 1.7500926748602454 1.7659712401802405
0.31581581581581586 1.7794268814166239 1.79247604757985 1.7591653362260635 1.775158719739918
0.3165165165165166 1.7878840290564184 1.8027834649602315 1.7680916857876663 1.784187302991139
0.31721721721721724 1.7962049819596613 1.8129226063281596 1.7768684655948563 1.7930537424524564
0.3179179179179179 1.804387468369487 1.822889283362753 1.7854924176974385 1.8017547906424232
0.3186186186186186 1.8124292469505978 1.8326793077431307 1.793960284145218 1.8102872000795942
0.31931931931931934 1.8203281078101419 1.8422884911484096 1.802268806987997 1.8186477232825204
0.32002002002002006 1.8280818735077249 1.8517126452577077 1.810414728275581 1.8268331127697557
0.3207207207207208 1.8356884000539042 1.8609475817501437 1.818394790057773 1.8348401210598528
0.32142142142142144 1.8431455778965258 1.8699891123048324 1.8262057343843756 1.8426655006713628
0.32212212212212216 1.850451332894276 1.878833048600896 1.8338443033051957 1.8503060041228414
0.3228228228228228 1.8576036272768084 1.8874752023174497 1.8413072388700353 1.8577583839328398
0.32352352352352354 1.8646004605908417 1.8959113851336131 1.8485912831287001 1.8650193926199121
0.32422422422422426 1.8714398706315942 1.904137408728503 1.8556931781309922 1.8720857827026105
0.324924924924925 1.8781199343589676 1.9121490847812377 1.862609665926717 1.878954306699488
0.32562562562562564 1.8846387687978685 1.9199422249709341 1.869337488565677 1.8856217171290968
0.32632632632632635 1.8909945319220858 1.9275126409767116 1.875873388097678 1.8920847665099907
0.327027027027027 1.8971854235211356 1.9348561444776877 1.8822141065725226 1.898340207360723
0.32772772772772774 1.9032096860495162 1.9419685471529804 1.8883563860400154 1.904384792199846
0.32842842842842845 1.909065605457796 1.948845660681707 1.8942969685499602 1.9102152735459126
0.32912912912912917 1.9147515120049983 1.9554832967429865 1.9000325961521614 1.9158284039174762
0.3298298298298299 1.9202657810517383 1.961877267015936 1.9055600108964228 1.9212209358330892
0.33053053053053055 1.925606833833583 1.968023383179673 1.9108759548325476 1.9263896218113044
0.3312312312312312 1.9307731382141262 1.9739174569133155 1.9159771700103403 1.9313312143706747
0.33193193193193193 1.9357632094172676 1.9795552998959836 1.920860398479606 1.9360424660297544
0.33263263263263265 1.9405756107382093 1.9849327238067924 1.925522382290147 1.9405201293070946
0.33333333333333337 1.9452089542326971 1.9900455403248616 1.9299598634917685 1.9447609567212492
0.3340340340340341 1.9496619013840386 1.994890611015155 1.9341703977223557 1.9487625576340466
0.33473473473473475 1.9539331637474504 1.9994689969860282 1.9381547949721227 1.9525259687804195
0.33543543543543547 1.9580215035713036 2.003782809231681 1.9419146788193657 1.956053083738575
0.33613613613613613 1.9619257343948424 2.0078341587463155 1.945451672842381 1.9593457960867222
0.33683683683683685 1.9656447216219786 2.011625156524132 1.948767400619463 1.9624059994030678
0.33753753753753757 1.9691773830707668 2.015157913559333 1.9518634857289103 1.965235587265822
0.3382382382382383 1.9725226894981946 2.018434540846118 1.9547415517490163 1.9678364532531905
0.338938938938939 1.9756796650999247 2.02145714937869 1.9574032222580777 1.9702104909433826
0.33963963963963967 1.9786473879846547 2.0242278501512483 1.9598501208343904 1.9723595939146052
0.34034034034034033 1.9814249906227697 2.0267487541579956 1.962083871056251 1.974285655745068
0.34104104104104105 1.98401166026898 2.0290219723931333 1.964106096501955 1.9759905700129783
0.34174174174174177 1.98640663935866 2.031049615850861 1.965918420749798 1.9774762302965434
0.3424424424424425 1.9886092258776138 2.0328337955253812 1.9675224673780767 1.9787445301739726
0.3431431431431432 1.9906187737050172 2.0343766224108952 1.9689198599650868 1.979797363223473
0.34384384384384387 1.9924346929293004 2.035680207501603 1.9701122220891234 1.980636623023253
0.3445445445445446 1.9940564501367566 2.036746661791707 1.9711011773284834 1.9812642031515204
0.34524524524524525 1.9954835686726748 2.037578096275408 1.9718883492614623 1.9816819971864832
0.34594594594594597 1.9967156288748262 2.0381766219469073 1.9724753614663562 1.9818918987063499
0.3466466466466467 1.9977522682791324 2.0385443498004054 1.9728638375214604 1.9818958012893277
0.3473473473473474 1.9985931817973852 2.038683390830104 1.9730554010050727 1.9816955985136258
0.34804804804804806 1.9992381218668904 2.0385958560302053 1.973051675495487 1.9812931839574512
0.3487487487487488 1.9996868985719327 2.038283856394909 1.9728542845710002 1.9806904511990124
0.34944944944944945 1.9999393797369804 2.037749502918417 1.9724648518099075 1.9798892938165176
0.35015015015015016 1.9999954909915647 2.03699490659493 1.9718850007905058 1.9788916053881742
0.3508508508508509 1.99985521580679 2.0360221784186496 1.9711163550910904 1.9776992794921904
0.3515515515515516 1.9995185955034467 2.0348334293837773 1.9701605382899576 1.9763142097067745
0.3522522522522523 1.998985729231728 2.0334307704845136 1.9690191739654033 1.9747382896101349
0.3529529529529529 1.9982567739225556 2.0318163127150606 1.9676938856957233 1.9729734127804792
0.35365365365365364 1.9973319442105555 2.0299921670696186 1.9661862970592132 1.971021472796015
0.35435435435435436 1.996211512328732 2.027960444542389 1.9644980316341694 1.9688843632349506
0.3550550550550551 1.9948958079749148 2.025723256127573 1.9626307129988876 1.966563977675494
0.3557557557557558 1.9933852181500702 2.023282712819373 1.9605859647316644 1.9640622096958542
0.3564564564564565 1.9916801869685858 2.020640925611988 1.9583654104107948 1.9613809528742376
0.35715715715715723 1.9897812154406624 2.017800005499621 1.955970673614575 1.9585221007888531
0.35785785785785784 1.987688861226959 2.0147620634764727 1.9534033779213014 1.9554875470179094
0.35855855855855856 1.9854037383656602 2.011529210536744 1.9506651469092695 1.9522791851396133
0.3592592592592593 1.9829265169721548 2.008103557674636 1.947757604156775 1.9488989087321733
0.35995995995996 1.9802579229115282 2.0044872158843505 1.9446823732421146 1.9453486113737974
0.3606606606606607 1.9773987374440953 2.000682296160088 1.9414410777435835 1.9416301866426935
0.36136136136136143 1.9743497968442134 1.99669090949605 1.9380353412394782 1.9377455281170697
0.36206206206206204 1.9711119919926392 1.9925151668864394 1.934466787308095 1.9336965293751356
0.36276276276276276 1.9676862679427036 1.9881571793254542 1.9307370395277281 1.9294850839950963
0.3634634634634635 1.964073623460606 1.9836190578072976 1.9268477214766753 1.925113085555162
0.3641641641641642 1.9602751105401348 1.9789029133261704 1.9228004567332313 1.9205824276335393
0.3648648648648649 1.956291833892147 1.974010856876274 1.9185968688756931 1.915895003808438
0.36556556556556563 1.9521249504091545 1.968944999451809 1.9142385814823555 1.911052707658064
0.36626626626626635 1.9477756686053809 1.963707452046977 1.9097272181315152 1.906057432760627
0.36696696696696696 1.9432452480326652 1.9583003256559801 1.9050644024014687 1.9009110726943348
0.3676676676676677 1.9385349986726057 1.9527257312730177 1.9002517578705103 1.8956155210373944
0.3683683683683684 1.9336462803053687 1.9469857798922918 1.895290908116937 1.8901726713680147
0.3690690690690691 1.9285805018555657 1.9410825825080043 1.8901834767190446 1.8845844172644033
0.36976976976976983 1.9233391207156572 1.9350182501143558 1.8849310872551293 1.8788526523047686
0.37047047047047055 1.9179236420473311 1.9287948937055468 1.8795353633034861 1.8729792700673187
0.37117117117117115 1.9123356180613256 1.9224146242757805 1.8739979284424124 1.866966164130262
0.3718718718718719 1.9065766472761725 1.9158795528192558 1.868320406250203 1.860815228071805
0.3725725725725726 1.9006483737563735 1.909191790330175 1.8625044203051537 1.8545283554701566
0.3732732732732733 1.8945524863304963 1.9023534478027395 1.856551594185561 1.848107439903525
0.373973973973974 1.8882907177897246 1.8953666362311496 1.8504635514697207 1.8415543749501182
0.37467467467467475 1.8818648440673902 1.8882334666096072 1.8442419157359287 1.8348710541881441
0.37537537537537535 1.8752766834000325 1.880956049932315 1.8378883105624824 1.828059371195812
0.37607607607607607 1.8685280954705332 1.8735364971934718 1.8314043595276752 1.8211212195513276
0.3767767767767768 1.8616209805339046 1.8659769193872788 1.824791686209804 1.8140584928328995
0.3774774774774775 1.854557278526291 1.858279427507938 1.8180519141871647 1.8068730846187366
0.3781781781781782 1.847338968157777 1.8504461325496515 1.8111866670380539 1.7995668884870473
0.37887887887887894 1.8399680659895945 1.842479145506619 1.8041975683407667 1.792141798016038
0.37957957957957966 1.832446625496328 1.8343805773730426 1.7970862416735995 1.784599706783918
0.38028028028028027 1.8247767361137308 1.826152539143124 1.7898543106148492 1.776942508368896
0.380980980980981 1.8169605222727627 1.817797141811063 1.7825033987428096 1.7691720963491777
0.3816816816816817 1.809000142420489 1.809316496371061 1.775035129635778 1.7612903643029727
0.3823823823823824 1.8008977880284502 1.80071271381732 1.7674511268720496 1.7532992058084889
0.38308308308308314 1.792655682589156 1.7919879051440404 1.7597530140299211 1.7452005144439338
0.38378378378378386 1.784276080601336 1.7831441813454245 1.7519424146876883 1.736996183787516
0.38448448448448447 1.775761266544601 1.7741836534156739 1.7440209524236483 1.7286881074174452
0.3851851851851852 1.7671135538441534 1.765108432348987 1.7359902508160938 1.7202781789119255
0.3858858858858859 1.7583352838262258 1.7559206291395673 1.7278519334433229 1.7117682918491672
0.3865865865865866 1.749428824664876 1.746622354781615 1.7196076238836315 1.7031603398073782
0.38728728728728734 1.7403965703208193 1.7372157202693321 1.7112589457153153 1.6944562163647665
0.38798798798798806 1.7312409394729595 1.7277028365969194 1.7028075225166703 1.68565781509954
0.38868868868868867 1.7219643744432758 1.7180858147585796 1.6942549778659937 1.6767670295899086
0.3893893893893894 1.7125693401157311 1.7083667657485107 1.6856029353415782 1.6677857534140763
0.3900900900900901 1.7030583228498886 1.698547800560916 1.6768530185217227 1.6587158801502544
0.3907907907907908 1.6934338293898712 1.688631030189996 1.6680068509847212 1.6495593033766491
0.39149149149149154 1.6836983857693546 1.6786185656299528 1.6590660563088715 1.6403179166714699
0.39219219219219226 1.6738545362132515 1.6685125178749867 1.6500322580724673 1.6309936136129235
0.392892892892893 1.6639048420367473 1.6583149979192993 1.6409070798538068 1.621588287779219
0.3935935935935936 1.653851880542359 1.6480281167570938 1.6316921452311866 1.6121038327485655
0.3942942942942943 1.643698243915658 1.6376539853825673 1.6223890777828989 1.6025421420991681
0.394994994994995 1.6334465381203453 1.627194714789923 1.6129995010872418 1.592905109409236
0.39569569569569574 1.6230993817932942 1.6166524159733626 1.6035250387225113 1.5831946282569778
0.39639639639639646 1.612659405140237 1.6060291999270864 1.593967314267003 1.573412592220601
0.3970970970970972 1.6021292488327294 1.5953271776452964 1.5843279512990134 1.563560894878314
0.3977977977977978 1.5915115629070358 1.584548460122195 1.5746085733968391 1.553641429808326
0.3984984984984985 1.5808090056655586 1.5736951583519803 1.5648108041387738 1.5436560905888426
0.3991991991991992 1.570024242581468 1.5627693833288552 1.5549362671031146 1.5336067707980727
0.39989989989989994 1.559159945207117 1.5517732460470204 1.5449865858681575 1.5234953640142244
0.40060060060060065 1.5482187900868845 1.540708857500678 1.5349633840121986 1.5133237638155062
0.40130130130130137 1.5372034576750448 1.5295783286840285 1.5248682851135333 1.5030938637801257
0.402002002002002 1.5261166312592658 1.518383770591275 1.5147029127504599 1.4928075574862927
0.4027027027027027 1.5149609958903185 1.5071272942166152 1.5044688905012706 1.482466738512212
0.4034034034034034 1.5037392373186096 1.4958110105542524 1.4941678419442628 1.4720733004360933
0.40410410410410413 1.4924540409380738 1.4844370305983867 1.483801390657733 1.461629136836144
0.40480480480480485 1.4811080907380234 1.473007465343221 1.4733711602199768 1.4511361412905734
0.40550550550550557 1.469704068263495 1.4615244257829554 1.4628787742092901 1.4405962073775886
0.4062062062062063 1.4582446515846454 1.4499900229117908 1.4523258562039691 1.4300112286753976
0.4069069069069069 1.4467325142757346 1.438406367723931 1.4417140297823108 1.4193830987622107
0.4076076076076076 1.4351703244042069 1.4267755712135735 1.4310449185226086 1.4087137112162322
0.40830830830830833 1.4235607435304165 1.415099744374921 1.4203201460031596 1.3980049596156716
0.40900900900900905 1.4119064257184606 1.4033809982021748 1.40954133580226 1.387258737538737
0.40970970970970977 1.4002100165586404 1.3916214436895362 1.3987101114982055 1.376476938563637
0.4104104104104105 1.3884741522020183 1.379823191831206 1.387828096669292 1.3656614562685787
0.4111111111111111 1.376701458407543 1.3679883536213882 1.3768969148938175 1.354814184231773
0.4118118118118118 1.3648945496021851 1.356119040054279 1.3659181897500743 1.3439370160314235
0.41251251251251253 1.3530560279545543 1.3442173621240825 1.35489354481636 1.33303184524574
0.41321321321321325 1.3411884824623892 1.3322854308249994 1.3438246036709705 1.3221005654529314
0.41391391391391397 1.329294488054366 1.320325357151231 1.3327129898922019 1.3111450702312046
0.4146146146146147 1.3173766047066144 1.3083392520969788 1.3215603270583505 1.3001672531587687
0.4153153153153153 1.3054373765743368 1.296329226656445 1.3103682387477127 1.2891690078138325
0.416016016016016 1.2934793311388924 1.284297391823828 1.2991383485385821 1.278152227774601
0.41671671671671673 1.2815049783707375 1.2722458585933305 1.2878722800092564 1.2671188066192842
0.41741741741741745 1.2695168099085319 1.2601767379591537 1.2765716567380307 1.2560706379260895
0.41811811811811816 1.2575172982547704 1.248092140915499 1.2652381023032018 1.2450096152732257
0.4188188188188189 1.2455088959882492 1.2359941784565673 1.2538732402830652 1.2339376322389004
0.4195195195195196 1.233494034993675 1.2238849615765601 1.242478694255917 1.2228565824013216
0.4202202202202202 1.2214751257087009 1.2117666012696804 1.231056087800055 1.2117683593386994
0.4209209209209209 1.209454556388664 1.1996412085301253 1.219607044493771 1.2006748566292378
0.42162162162162165 1.1974346923893036 1.187510894352098 1.2081331879153632 1.189577967851147
0.42232232232232236 1.1854178754676707 1.1753777697298002 1.1966361416431277 1.1784795865826347
0.4230230230230231 1.173406423101493 1.1632439456574326 1.18511752925536 1.1673816064019094
0.4237237237237238 1.1614026278271887 1.1511115331291966 1.1735789743303564 1.1562859208871785
0.4244244244244244 1.1494087565967468 1.138982643139295 1.1620221004464144 1.1451944236166525
0.4251251251251251 1.1374270501536368 1.1268593866819256 1.1504485311818262 1.1341090081685352
0.42582582582582584 1.125459722427954 1.1147438747512914 1.1388598901148899 1.123031568121037
0.42652652652652656 1.1135089599509176 1.102638218341594 1.1272578008239016 1.1119639970523656
0.4272272272272273 1.1015769212888895 1.0905445284470336 1.1156438868871568 1.100908188540729
0.427927927927928 1.0896657364970286 1.078464916061812 1.1040197718829514 1.0898660361643353
0.4286286286286287 1.0777775065926982 1.0664014921801304 1.0923870793895814 1.0788394335013927
0.4293293293293293 1.0659143030487188 1.054356367796192 1.0807474329853448 1.067830274130111
0.43003003003003004 1.054078167306544 1.0423316539041942 1.0691024562485338 1.0568404516286942
0.43073073073073076 1.0422711103094493 1.0303294614983396 1.0574537727574462 1.0458718595753524
0.4314314314314315 1.0304951120557566 1.01835190157283 1.0458030060903778 1.0349263915482938
0.4321321321321322 1.0187521211721533 1.0064010851218663 1.0341517798256246 1.0240059411257265
0.4328328328328329 1.0070440545071278 0.9944791231396498 1.0225017175414823 1.013112401885858
0.4335335335335335 0.9953727967445305 0.9825881244996703 1.0108544444940943 1.0022476638079547
0.43423423423423424 0.9837402000372484 0.9707300133082628 0.9992117321218525 0.9914133033132908
0.43493493493493496 0.9721480836610044 0.9589063881422731 0.9875756094123807 0.9806103443852598
0.4356356356356357 0.9605982336882131 0.9471188144423985 0.9759481315696292 0.9698397547737552
0.4363363363363364 0.9490924026818794 0.9353688576493365 0.9643313537975488 0.9591025022286703
0.4370370370370371 0.937632309409468 0.9236580832037846 0.9527273313000904 0.9483995544998983
0.4377377377377377 0.9262196385766823 0.9119880565464427 0.9411381192812067 0.9377318793373346
0.43843843843843844 0.9148560405810569 0.9003603431180042 0.9295657729448452 0.9271004444908689
0.43913913913913916 0.9035431312852948 0.8887765083591687 0.9180123474949582 0.9165062177103964
0.4398398398398399 0.8922824918102094 0.8772381177106333 0.9064798981354963 0.9059501667458103
0.4405405405405406 0.8810756683471739 0.8657467366130963 0.8949704800704108 0.895433259347004
0.4412412412412413 0.8699241719899403 0.8543039305072548 0.8834861485036525 0.8849564632638712
0.44194194194194203 0.8588294785856856 0.8429112648338067 0.8720289586391722 0.8745207462463049
0.44264264264264264 0.8477930286051303 0.8315703050334511 0.8606009656809224 0.8641270760442
0.44334334334334335 0.8368162270315571 0.8202826165468818 0.8492042248328502 0.8537764204074472
0.4440440440440441 0.825900443268578 0.8090497648147988 0.8378407912989088 0.8434697470859408
0.4447447447447448 0.8150470110664266 0.797873315277899 0.8265127202830483 0.8332080238295745
0.4454454454454455 0.8042572284666085 0.7867548333768802 0.8152220669892203 0.8229922183882419
0.4461461461461462 0.7935323577646889 0.77569588455244 0.8039708866213751 0.8128232985118358
0.44684684684684683 0.7828736254910069 0.7646980342452779 0.7927612343834656 0.8027022319502517
0.44754754754754755 0.7722822224090782 0.7537628478960878 0.7815951654794389 0.7926299864533796
0.44824824824824827 0.7617593035314775 0.742891890945569 0.7704747351132479 0.7826075297711144
0.448948948948949 0.7513059881529244 0.7320867288344188 0.7594019984888429 0.7726358296533493
0.4496496496496497 0.7409233599003424 0.7213489270033351 0.7483790108101752 0.762715853849978
0.4503503503503504 0.7306124667996238 0.7106800508930154 0.7374078272811955 0.7528485701108936
0.45105105105105103 0.7203743213588327 0.700081665944159 0.7264905031058564 0.7430349461859912
0.45175175175175175 0.7102099006675647 0.6895553375974601 0.7156290934881053 0.7332759498251611
0.45245245245245247 0.7001201465121979 0.6791026312936179 0.7048256536318946 0.7235725487782981
0.4531531531531532 0.6901059655067204 0.66872511247333 0.6940822387411756 0.7139257107952957
0.4538538538538539 0.680168229238856 0.6584243465772939 0.6834009040198987 0.7043364036260471
0.4545545545545546 0.6703077744311797 0.6482018990462073 0.672783704672015 0.6948055950204457
0.45525525525525534 0.6605254031169144 0.6380593353207671 0.6622326959014748 0.6853342527283848
0.45595595595595595 0.6508218828300945 0.6279982208416736 0.6517499329122315 0.6759233444997597
0.45665665665665667 0.6411979468097715 0.6180201210496203 0.6413374709082318 0.6665738380844601
0.4573573573573574 0.6316542942179572 0.608126601385307 0.6309973650934286 0.6572867012323815
0.4580580580580581 0.6221915903709455 0.5983192272894308 0.6207316706717727 0.648062901693417
0.4587587587587588 0.6128104669837027 0.5885995642026893 0.610542442847215 0.6389034072174596
0.45945945945945954 0.6035115224269797 0.5789691775657803 0.6004317368237061 0.6298091855544032
0.46016016016016015 0.5942953219968095 0.5694296328194026 0.5904016078051988 0.6207812044541425
0.46086086086086087 0.585162398196033 0.5599824954042509 0.5804541109956403 0.6118204316665679
0.4615615615615616 0.5761132510275337 0.5506293307610243 0.5705913015989834 0.6029278349415741
0.4622622622622623 0.5671483482987957 0.5413717043304204 0.5608152348191788 0.5941043820290548
0.462962962962963 0.5582681259374608 0.5322111815531366 0.5511279658601773 0.585351040678903
0.46366366366366374 0.5494729883175166 0.5231493278698705 0.5415315499259298 0.5766687786410122
0.46436436436436435 0.540763308595764 0.5141877087213212 0.5320280422203888 0.5680585636652773
0.46506506506506506 0.5321394290582008 0.5053278895481835 0.5226194979475017 0.5595213635015888
0.4657657657657658 0.5236016614759782 0.4965714357911562 0.5133079723112214 0.5510581458998414
0.4664664664664665 0.5151502874705475 0.4879199128909368 0.5040955205154982 0.5426698786099282
0.4671671671671672 0.506785558887656 0.47937488628822306 0.4949841977642834 0.5343575293817433
0.46786786786786794 0.4985076981798227 0.4709379214237126 0.4859760592615276 0.5261220659651795
0.46856856856856866 0.49031689879693496 0.46261058373810277 0.4770731602111817 0.5179644561101302
0.46926926926926926 0.48221332558460955 0.45439443867209256 0.4682775558171979 0.5098856675664902
0.46996996996997 0.4741971151899468 0.44629105166637684 0.4595913012835242 0.5018866680841503
0.4706706706706707 0.46626837647434227 0.43830198816165455 0.4510164518141129 0.49396842541300506
0.4713713713713714 0.4584271909329708 0.4304288135986234 0.442555062612915 0.4861319073029481
0.47207207207207214 0.4506736131206059 0.42267309341798076 0.43420918888388116 0.4783780815038724
0.47277277277277285 0.44300767108341277 0.41503639306042417 0.42598088583096216 0.47070791576567156
0.47347347347347346 0.4354293667963647 0.40752027796665247 0.41787220865811014 0.46312237783824006
0.4741741741741742 0.427938676605925 0.40012631357736084 0.40988521256927357 0.45562243547146886
0.4748748748748749 0.42053555167766415 0.39285606533324813 0.4020219527684044 0.44820905641525277
0.4755755755755756 0.4132199184484417 0.3857110986750117 0.3942844844594535 0.4408832084194848
0.47627627627627633 0.4059916790828308 0.3786929790433493 0.38667486284637187 0.43364585923405863
0.47697697697697705 0.3988507119334341 0.37180327187895834 0.37919514313311004 0.4264979766088673
0.47767767767767777 0.3917968720047598 0.3650435426225367 0.3718473805236192 0.41944052829380457
0.4783783783783784 0.38482999142032404 0.3584153567147825 0.364633630221851 0.4124744820387646
0.4790790790790791 0.3779498798926419 0.3519202795963916 0.35755594743175423 0.40560080559363865
0.4797797797797798 0.3711563251958012 0.34555987670806254 0.35061638735728085 0.3988204667083213
0.48048048048048053 0.3644490936402734 0.3393357134904928 0.3438170052023815 0.3921344331327057
0.48118118118118125 0.35782793054966083 0.33324935538437994 0.33715985617100735 0.38554367261668543
0.48188188188188197 0.35129256073906073 0.3273023678304216 0.33064699546710896 0.3790491529101537
0.4825825825825826 0.3448426889947408 0.32149631626931624 0.3242804782946383 0.3726518417630049
0.4832832832832833 0.3384780005548145 0.3158327661417596 0.3180623598575441 0.36635270692513056
0.483983983983984 0.33219816159063364 0.31031328288845017 0.31199469535977836 0.3601527161464249
0.48468468468468473 0.3260028196885841 0.3049394319500855 0.30607954000529186 0.3540528371767813
0.48538538538538545 0.31989160433200964 0.2997127787673631 0.30031894899803535 0.3480540377660931
0.48608608608608617 0.313864127382977 0.29463488878098065 0.29471497754195985 0.34215728566425385
0.4867867867867868 0.30791998356360173 0.28970732743163635 0.28926968084101684 0.3363635486211576
0.4874874874874875 0.30205875093666135 0.28493166016002636 0.28398511409915556 0.330673794386696
0.4881881881881882 0.2962799913852388 0.280309452406849 0.2788633325203278 0.32508899071076325
0.48888888888888893 0.2905832510911184 0.27584226961280167 0.27390639130848415 0.3196101053432528
0.48958958958958965 0.2849680610116918 0.2715316772185821 0.2691163456675757 0.31423810603405805
0.49029029029029036 0.2794339373551195 0.26737924066488794 0.26449525080155323 0.30897396053307236
0.4909909909909911 0.27398038205350356 0.2633865253924165 0.26004516191436755 0.30381863659018904
0.4916916916916917 0.26860688323383675 0.25955509684186623 0.2557681342099702 0.2987731019553023
0.4923923923923924 0.26331291568649007 0.25588652045393323 0.25166622289231055 0.2938383243783038
0.4930930930930931 0.2580979413310267 0.2523823616693159 0.2477414831653403 0.28901527160908796
0.49379379379379384 0.2529614096791055 0.24904418592871158 0.24399597023301015 0.2843049113975479
0.49449449449449456 0.2479027582942755 0.24587355867281796 0.240431739299271 0.279708211493577
0.4951951951951953 0.24292141324844804 0.24287204534233264 0.2370508455680737 0.27522613964706877
0.4958958958958959 0.23801678957484912 0.2400412113779536 0.2338553442433696 0.27085966360791724
0.4965965965965966 0.23318829171725344 0.23738262222037748 0.23084729052910846 0.2666097511260143
0.4972972972972973 0.2284353139753236 0.23489784331030228 0.22802873962924167 0.2624773699512541
0.49799799799799804 0.22375724094585947 0.23258844008842564 0.22540174674772012 0.2584634878335299
0.49869869869869876 0.21915344795979358 0.2304559779954451 0.2229683670884946 0.25456907252273525
0.4993993993993995 0.21462330151476033 0.22850202247205817 0.22073065585551596 0.25079509176876336
0.5001001001001001 0.21016615970307892 0.22672813448862378 0.21869066341175875 0.24714251123845055
0.5008008008008008 0.2057813726349911 0.22513360408324418 0.21684798090405186 0.24361123840527021
0.5015015015015015 0.2014682828570143 0.22371176233202208 0.21519574645733433 0.240198404026655
0.5022022022022022 0.19722622576525503 0.22245497471781722 0.21372605254558574 0.23690068891955265
0.502902902902903 0.19305453001355682 0.2213556067234893 0.21243099164278562 0.23371477390091078
0.5036036036036037 0.1889525179163477 0.2204060238318981 0.21130265622291355 0.23063733978767723
0.5043043043043044 0.18491950584606734 0.2195985915259035 0.21033313875994905 0.22766506739679981
0.505005005005005 0.18095480462505434 0.2189256752883652 0.2095145317278718 0.22479463754522652
0.5057057057057057 0.1770577199117818 0.21837964060214285 0.2088389276006611 0.22202273104990433
0.5064064064064064 0.17322755258134429 0.21795285295009637 0.2082984188522967 0.21934602872778147
0.5071071071071072 0.16946359910008632 0.21763767781508542 0.20788509795675802 0.2167612113958056
0.5078078078078079 0.1657651518942893 0.21742648067996984 0.20759105738802477 0.21426495987092453
0.5085085085085086 0.16213149971282628 0.21731162702760937 0.20740838962007638 0.211853954970086
0.5092092092092092 0.15856192798370627 0.21728548234086378 0.20732918712689252 0.20952487751023804
0.5099099099099099 0.1550557191644299 0.21734041210259278 0.20734554238245256 0.20727440830832772
0.5106106106106106 0.15161215308609652 0.21746878179565624 0.20744954786073627 0.20509922818130316
0.5113113113113114 0.14823050729118864 0.21766295690291393 0.20763329603572306 0.2029960179461121
0.5120120120120121 0.1449100573649845 0.21791530290722555 0.20788887938139258 0.2009614584197023
0.5127127127127128 0.1416500772605454 0.21821818529145087 0.20820839037172434 0.19899223041902153
0.5134134134134134 0.13844983961723084 0.2185639695384496 0.2085839214806978 0.1970850147610177
0.5141141141141141 0.13530861607269973 0.21894502113108164 0.2090075651822927 0.19523649226263812
0.5148148148148148 0.13222567756836837 0.21935370555220665 0.20947141395048846 0.19344334374083066
0.5155155155155156 0.12920029464828664 0.2197823882846845 0.20996756025926466 0.19170225001254326
0.5162162162162163 0.12623173775141383 0.22022343481137496 0.21048809658260098 0.19000989189472361
0.516916916916917 0.12331927749727256 0.22066921061513775 0.21102511539447685 0.1883629502043194
0.5176176176176177 0.12046218496496482 0.2211120811788325 0.21157070916887175 0.1867581057582783
0.5183183183183183 0.11765973196554219 0.22154441198531916 0.21211697037976532 0.1851920393735485
0.519019019019019 0.11491119130772165 0.22195856851745743 0.2126559915011372 0.1836614318670771
0.5197197197197198 0.11221583705695273 0.22234691625810712 0.2131798650069669 0.18216296405581217
0.5204204204204205 0.10957294478783143 0.22270182069012795 0.21368068337123386 0.18069331675670136
0.5211211211211212 0.10698179182987612 0.2230156472963797 0.21415053906791776 0.17924917078669256
0.5218218218218219 0.10444165750667479 0.22328076155972212 0.2145815245709981 0.17782720696273338
0.5225225225225225 0.10195182336842203 0.22348952896301502 0.2149657323544544 0.17642410610177187
0.5232232232232232 0.0995115734178638 0.22363431498911823 0.21529525489226642 0.17503654902075533
0.523923923923924 0.09712019432968129 0.22370748512089136 0.21556218465841345 0.1736612165366317
0.5246246246246247 0.0947769756633342 0.22370140484119427 0.2157586141268752 0.1722947894663487
0.5253253253253254 0.09248121006940298 0.22360843963288665 0.2158766357716311 0.1709339486268541
0.5260260260260261 0.0902321934894623 0.22342095497882836 0.21590834206666087 0.16957537483509566
0.5267267267267267 0.08802922534952774 0.2231313163618792 0.21584582548594397 0.16821574890802132
0.5274274274274274 0.08587160874711566 0.2227318892648988 0.21568117850345994 0.16685175166257843
0.5281281281281281 0.08375865063196859 0.22221503917074703 0.2154064935931884 0.16548006391571493
0.5288288288288289 0.08168966198048816 0.2215731315622836 0.21501386322910881 0.16409736648437853
0.5295295295295296 0.07966395796393376 0.22079853192236826 0.21449537988520076 0.162700340185517
0.5302302302302303 0.0776808581104404 0.2198836057338609 0.21384313603544391 0.16128566583607812
0.530930930930931 0.0757396864609146 0.2188207184796211 0.2130492241538176 0.15985002425300954
0.5316316316316316 0.07383977171886927 0.217602235642509 0.21210573671430183 0.1583900962532594
0.5323323323323323 0.07198044739426003 0.21622052270538392 0.21100476619087558 0.15690256265377484
0.5330330330330331 0.07016105194139337 0.2146679451511058 0.20973840505751873 0.1553841042715039
0.5337337337337338 0.06838092889096938 0.21293686846253437 0.20829874578821067 0.15383140192339426
0.5344344344344345 0.066639426976334 0.2110196581225295 0.20667788085693117 0.15224113642639375
0.5351351351351352 0.06493590025401232 0.20890867961395085 0.20486790273765956 0.15060998859745006
0.5358358358358358 0.06326970821859831 0.2065962984196586 0.2028609039043759 0.14893463925351125
0.5365365365365365 0.06164021591207655 0.2040748800225118 0.20064897683105903 0.14721176921152446
0.5372372372372373 0.060046794027658036 0.20133678990537054 0.19822421399168874 0.14543805928843778
0.537937937937938 0.05848881900820594 0.19837439355109468 0.19557870786024475 0.14361019030119887
0.5386386386386387 0.05696567313933676 0.19518005644254388 0.19270455091070654 0.1417248430667556
0.5393393393393394 0.055476744637279356 0.19174614406257798 0.1895938356170536 0.13977869840205556
0.5400400400400401 0.054021427731576366 0.18806502189405666 0.18623865445326557 0.13776843712404663
0.5407407407407407 0.05259912274271499 0.18412905541984045 0.1826310998933226 0.13569074004967682
0.5414414414414415 0.051209236154773054 0.17993061342871797 0.17876326763464379 0.13354228902028237
0.5421421421421422 0.04985118068317216 0.175468170098805 0.1746332064225872 0.13132165771830642
0.5428428428428429 0.04852437533762284 0.17075895394402485 0.1702572513810109 0.12903323112200044
0.5435435435435436 0.047228245480355716 0.16582378262618097 0.16565523722540365 0.12668250635777434
0.5442442442442443 0.04596222287972828 0.16068347380707687 0.16084699867125415 0.12427498055203802
0.5449449449449449 0.04472574575929976 0.15535884514851697 0.155852370434052 0.12181615083120188
0.5456456456456457 0.043518258842465324 0.1498707143123031 0.15069118722928437 0.11931151432167508
0.5463463463463464 0.04233921339274574 0.14423989896023948 0.14538328377244075 0.11676656814986797
0.5470470470470471 0.041188067249821964 0.13848721675412962 0.13994849477900986 0.11418680944219037
0.5477477477477478 0.0400642848614116 0.13263348535577713 0.13440665496448045 0.1115777353250523
0.5484484484484485 0.03896733731108006 0.12669952242698546 0.1287775990443413 0.10894484292486373
0.5491491491491491 0.03789670234208139 0.12070614562955906 0.12308116173408208 0.106293629368035
0.5498498498498499 0.03685186437732172 0.11467417262529954 0.11733717774918966 0.10362959178097518
0.5505505505505506 0.03583231453554322 0.10862442107601132 0.11156548180515369 0.10095822729009467
0.5512512512512513 0.03483755064381875 0.10257770864349794 0.10578590861746295 0.09828503302180336
0.551951951951952 0.033867077246454914 0.0965548529895629 0.10001829290160616 0.09561550610251125
0.5526526526526527 0.032920405610396185 0.09057667177600971 0.0942824693730721 0.09295514365862825
0.5533533533533534 0.03199705372722462 0.08466398266464183 0.08859827274734945 0.09030944281656428
0.5540540540540541 0.03109654631184858 0.07883760331726371 0.08298553773992787 0.08768390070272976
0.5547547547547548 0.03021841479797347 0.07311835139567699 0.07746409906629434 0.08508401444353372
0.5554554554554555 0.02936219733044895 0.06752704456168615 0.07205379144193848 0.08251528116538658
0.5561561561561562 0.02852743875458245 0.06208450047709462 0.06677444958234904 0.07998319799469826
0.5568568568568569 0.02771369060251296 0.05681153680370597 0.06164590820301477 0.07749326205787868
0.5575575575575576 0.026920511076735234 0.05172897120332364 0.05668800201942437 0.07505097048133783
0.5582582582582583 0.026147465030865614 0.04685762133775196 0.05192056574706739 0.07266182039148597
0.558958958958959 0.025394123947738264 0.042218304868792814 0.04736343410143102 0.0703313089147323
0.5596596596596597 0.02466006591492288 0.037831839458250555 0.04303644179800478 0.06806493317748716
0.5603603603603604 0.02394487559774977 0.03371904276792864 0.03895942355227742 0.06586819030616049
0.5610610610610611 0.0232481442099314 0.029900732459630597 0.03515221407973765 0.06374657742716222
0.5617617617617618 0.022569469481866583 0.026397726195159926 0.03163464809587428 0.0617055916669023
0.5624624624624625 0.02190845562671253 0.023229876288471674 0.02842565989916096 0.05975050888921142
0.5631631631631632 0.02126471330430957 0.020400140282237564 0.0255284253860054 0.05788273259141602
0.5638638638638639 0.02063785958304298 0.017897090598530355 0.02293270289833281 0.056100369128891485
0.5645645645645646 0.020027517899722815 0.015708840314098867 0.02062782232904229 0.05440141957275586
0.5652652652652653 0.019433318017564795 0.013823502505691941 0.018603113571033003 0.052783884994127096
0.565965965965966 0.01885489598235183 0.012229190250058398 0.01684790651720406 0.0512457664641232
0.5666666666666668 0.018291894076855643 0.01091401662394706 0.015351531060454587 0.04978506505386217
0.5673673673673674 0.017743960773596662 0.009866094704106917 0.014103317093683912 0.04839978183446222
0.5680680680680681 0.01721075068601834 0.009073537567286495 0.013092594509790778 0.04708791787704089
0.5687687687687688 0.016691924518153323 0.008524458290234752 0.012308693201674485 0.0458474742527164
0.5694694694694695 0.016187149012853494 0.00820696994970057 0.011740943062234221 0.04467645203260677
0.5701701701701702 0.01569609689865889 0.008109185622432777 0.011378673984369092 0.04357285228782996
0.570870870870871 0.015218446835376686 0.008219218385180187 0.011211215860978244 0.04253467608950398
0.5715715715715716 0.014753883358440795 0.008525181314691571 0.011227898584960767 0.04155992450874697
0.5722722722722723 0.01430209682212122 0.009015187487715855 0.01141805204921581 0.04064659861667662
0.572972972972973 0.01386278334165193 0.009677349981001858 0.011771006146642532 0.03979269948441108
0.5736736736736737 0.013435644734342594 0.010499781871298415 0.012276090770140045 0.03899622818306834
0.5743743743743744 0.01302038845974034 0.011470596235354326 0.012922635812607504 0.038255185783766396
0.5750750750750752 0.01261672755890524 0.012577906149918446 0.013699971166944006 0.03756757335762324
0.5757757757757758 0.012224380592861859 0.013809824691739393 0.014597426726048558 0.03693139197575697
0.5764764764764765 0.011843071580287997 0.015154464937566399 0.015604332382820572 0.03634464270928537
0.5771771771771772 0.011472529934501053 0.01659993996414811 0.01671001803015905 0.03580532662932655
0.5778778778778779 0.01111249039979932 0.018134362848233346 0.0179038135609631 0.03531144480699849
0.5785785785785786 0.01076269298721613 0.019745846666570956 0.019175048868131893 0.03486099831341919
0.5792792792792794 0.010422882909742148 0.02142250449590974 0.020513053844564512 0.034451988219706645
0.5799799799799801 0.010092810517069957 0.02315244941299857 0.021907158383160125 0.03408241559697884
0.5806806806806807 0.009772231229914071 0.02492379449458599 0.023346692376817642 0.033750281516353835
0.5813813813813814 0.009460905473957464 0.026724652817421354 0.024820985718436613 0.033453587048949504
0.5820820820820821 0.009158598613475458 0.028543137458253272 0.026319368300915982 0.033190333265883915
0.5827827827827828 0.008865080884684703 0.030367361493830528 0.02783117001715485 0.03295852123827503
0.5834834834834836 0.008580127328865478 0.03218543800090199 0.029345720760052367 0.03275615203724087
0.5841841841841843 0.00830351772530288 0.033985480056216474 0.030852350422507672 0.03258122673389943
0.5848848848848849 0.008035036524091847 0.03575560073652253 0.03234038889741964 0.03243174639936871
0.5855855855855856 0.007774472778848879 0.03748391311856956 0.03379916607768788 0.032305712104766654
0.5862862862862863 0.007521620079373255 0.03915853027910611 0.03521801185621131 0.03220112492121129
0.586986986986987 0.007276276484297477 0.04076756529488098 0.03658625612588902 0.03211598591982062
0.5876876876876878 0.0070382444537670265 0.042299131242643076 0.03789322877962019 0.03204829617171263
0.5883883883883885 0.006807330782187139 0.043741341199141165 0.03912825971030391 0.03199605674800531
0.5890890890890892 0.006583346531073514 0.04508230824112412 0.04028067881083935 0.03195726871981666
0.5897897897897898 0.006366106962042401 0.046310145445340574 0.04133981597412544 0.03192993315826467
0.5904904904904905 0.0061554314699742855 0.04741296588853973 0.042295001093061675 0.03191205113446734
0.5911911911911912 0.005951143516384474 0.04837888264747023 0.04313556406054701 0.03190162371954265
0.591891891891892 0.005753070563031853 0.04919600879888092 0.04385083476948058 0.0318966519846086
0.5925925925925927 0.005561044005796792 0.049852457419520615 0.0444301431127615 0.0318951370007832
0.5932932932932934 0.00537489910885745 0.05033640347326042 0.04486287372520208 0.03189508646520191
0.593993993993994 0.00519447493919268 0.05064216247006978 0.045143842827848404 0.031895165519785496
0.5946946946946947 0.005019614301438425 0.05077531193774954 0.045277828397596635 0.03189524508763065
0.5953953953953954 0.004850163673123929 0.0507426352654251 0.04527067504933647 0.03189532519879406
0.5960960960960962 0.004685973140311941 0.05055091584222181 0.04512822739795769 0.031895405883332416
0.5967967967967969 0.004526896333667047 0.05020693705726509 0.04485633005835006 0.03189548717130241
0.5974974974974976 0.00437279036497449 0.04971748229968034 0.044460827645403406 0.03189556909276074
0.5981981981981982 0.004223515764131078 0.04908933495859309 0.043947564774007554 0.03189565167776411
0.5988988988988989 0.004078936416628455 0.048329278423128536 0.04332238605905214 0.0318957349563692
0.5995995995995996 0.00393891950154858 0.047444096082412186 0.042591136115427 0.03189581895863272
0.6003003003003003 0.0038033354300893397 0.046440571325569426 0.041759659558021925 0.03189590371461135
0.6010010010010011 0.003672057784638046 0.04532548754172563 0.040833801001726684 0.03189598925436179
0.6017017017017017 0.003544963258409238 0.04410562812000644 0.03981940506143123 0.031896075607940735
0.6024024024024024 0.003421931595662193 0.0427877764495369 0.03872231635202503 0.03189616280540489
0.6031031031031031 0.003302845532512984 0.04137871591944254 0.03754837948839798 0.03189625087681092
0.6038038038038038 0.003187590738354476 0.03988522991884882 0.036303439085439905 0.03189633985221555
0.6045045045045045 0.003076055757897256 0.03831410183688108 0.034993339758040545 0.03189642976167547
0.6052052052052053 0.002968131953843409 0.03667211506266476 0.033623926121089706 0.031896520635247366
0.6059059059059059 0.0028637134502042427 0.03496605298532557 0.03220104278947739 0.03189661250298794
0.6066066066066066 0.0027626970762720865 0.03320269899398833 0.030730534378092905 0.03189670539495387
0.6073073073073073 0.0026649823112559617 0.03138883647777872 0.02921824550182628 0.031896799341201876
0.608008008008008 0.0025704712295894576 0.029531248825822143 0.02767002077556726 0.03189689437178864
0.6087087087087087 0.0024790684469189654 0.027636719427244008 0.026091704814205655 0.031896990516770855
0.6094094094094095 0.0023906810667794006 0.0257120316711697 0.024489142232631232 0.03189708780620521
0.6101101101101102 0.0023052186279638796 0.02376396894672468 0.02286817764573377 0.03189718627014841
0.6108108108108108 0.002222593052593149 0.021799314643034598 0.02123465566840331 0.031897285938657156
0.6115115115115115 0.0021427185948898145 0.019824852149224248 0.019594420915529098 0.031897386841788125
0.6122122122122122 0.0020655117906619278 0.01784736485441938 0.017953318002001187 0.031897489009598025
0.6129129129129129 0.001990891407499548 0.015873636147745375 0.016317191542709365 0.03189759247214355
0.6136136136136137 0.001918778395687657 0.013910449418327614 0.014691886152543375 0.03189769725948138
0.6143143143143144 0.0018490958398378519 0.01196458805529154 0.013083246446393013 0.03189780340166823
0.615015015015015 0.0017817689112409611 0.01004283544776284 0.011497117039148318 0.031897910928760785
0.6157157157157157 0.0017167248209418906 0.008151974984866306 0.00993934254569856 0.031898019870815746
0.6164164164164164 0.001653892773537785 0.006298790055727685 0.008415767580933778 0.03189813025788979
0.6171171171171171 0.0015932039216997045 0.004490064049472324 0.0069322367597437345 0.03189824212003963
0.6178178178178179 0.0015345913214178334 0.0027325803552256597 0.0054945946970182055 0.03189835548732196
0.6185185185185186 0.0014779898879695803 0.0010331223621130939 0.004108686007646994 0.03189847038979346
0.6192192192192192 0.0014233363526094946 -0.0006015265407397288 0.0027803553065200506 0.03189858685751084
0.6199199199199199 0.0013705692199794824 -0.0021645829642078993 0.0015154472085267684 0.031898704920530783
0.6206206206206206 0.0013196287262374623 -0.0036492635191657796 0.00031980632855711094 0.03189882460891
0.6213213213213213 0.0012704567979019649 -0.0050487848164879265 -0.0008007227184991181 0.03189894595270517
0.6220220220220221 0.0012229970114100402 -0.006356363467048973 -0.0018402953177521567 0.03189906898197299
0.6227227227227228 0.0011771945533852976 -0.007565216081723503 -0.002793066854312229 0.031899193726770164
0.6234234234234235 0.001132996181612593 -0.0086685592713861 -0.003653192713289531 0.03189932021715338
0.6241241241241241 0.0010903501867155245 -0.00965960964691124 -0.004414828279794204 0.03189944848317933
0.6248248248248248 0.0010492063545325498 -0.010531583819173795 -0.005072128938936674 0.03189957855490472
0.6255255255255255 0.0010095159291873147 -0.011277698399048228 -0.005619250075827087 0.031899710462386224
0.6262262262262263 0.0009712315768482917 -0.011891169997409114 -0.00605034707557562 0.03189984423568056
0.626926926926927 0.000934307350172761 -0.012365215225131065 -0.00635957532329251 0.03189997990484442
0.6276276276276277 0.0008986986534297475 -0.012693050693088667 -0.006541090204087968 0.031900117499934474
0.6283283283283283 0.0008643622082963496 -0.012867893012156496 -0.006589047103072225 0.031900257051007436
0.629029029029029 0.0008312560203215659 -0.01288295879320922 -0.0064976014053555325 0.03190039858812001
0.6297297297297297 0.0007993393460516716 -0.012731464647121368 -0.006260908496048066 0.03190054214132887
0.6304304304304305 0.0007685726608107298 -0.01240662718476758 -0.005873123760260078 0.03190068774069072
0.6311311311311312 0.0007389176271298572 -0.011901663017022404 -0.005328402583101764 0.03190083541626226
0.6318318318318319 0.0007103370638185353 -0.011209788754760468 -0.004620900349683356 0.031900985198100175
0.6325325325325326 0.0006827949156711377 -0.010324221008856362 -0.003744772445115084 0.03190113711626118
0.6332332332332332 0.0006562562238016628 -0.009238176390184843 -0.0026941742545073186 0.03190129120080193
0.6339339339339339 0.0006306870965994837 -0.00794487150962022 -0.001463261162969999 0.03190144748177917
0.6346346346346347 0.0006060546812988846 -0.00643756184840933 -4.6223322609090234e-05 0.0319016030751416
0.6353353353353354 0.0005823271361548516 -0.00471622365426836 0.001556737830148834 0.031901251241643544
0.6360360360360361 0.0005594736032176593 -0.0027951427194386896 0.0033326219108656754 0.03189881245690787
0.6367367367367368 0.0005374641816985277 -0.0006904390587699691 0.005266787943415445 0.03189256968507079
0.6374374374374374 0.0005162699019186293 0.001581767312887776 0.007344594951671848 0.03188080589026849
0.6381381381381381 0.0004958626998335652 0.004005356380685603 0.009551401959509563 0.031861804036637145
0.6388388388388389 0.0004762153921254335 0.006564208129773506 0.011872567990802295 0.03183384708831297
0.6395395395395396 0.00045730165185442934 0.009242202545301809 0.014293452069424027 0.031795218009432163
0.6402402402402403 0.00043909598466195725 0.0120232196124209 0.016799413219248868 0.0317441997641309
0.640940940940941 0.0004215737055171467 0.014891139316281103 0.01937581046415078 0.031679075316545374
0.6416416416416416 0.0004047109159985936 0.01782984164203228 0.0220080028280034 0.0315981276308118
0.6423423423423423 0.0003884844821031386 0.02082320657482571 0.024681349334681572 0.03149963967106634
0.643043043043043 0.0003728720125734976 0.023855114099811288 0.027381209008058915 0.031381894401445204
0.6437437437437438 0.0003578518377364486 0.026909444202139365 0.030092940872009467 0.0312431747860846
0.6444444444444445 0.00034340298884335635 0.02997007686696026 0.03280190395040723 0.03108176378912069
0.6451451451451452 0.0003295051779047653 0.03302089207942431 0.03549345726712624 0.030895944374689687
0.6458458458458459 0.0003161387780107919 0.0360457698246819 0.03815295984604052 0.03068399950692778
0.6465465465465465 0.0003032848041290674 0.039028590087882856 0.04076577071102368 0.030444212149971197
0.6472472472472472 0.00029092489437197787 0.04195323285417854 0.04331724888595062 0.030174865267956066
0.647947947947948 0.00027904129172499415 0.044803578108718725 0.0457927533946949 0.029874241825018612
0.6486486486486487 0.00026761682622786204 0.04756350583665381 0.04817764326113053 0.029540624785295018
0.6493493493493494 0.0002566348976005031 0.05021689602313413 0.050457277509131565 0.029172297112921488
0.6500500500500501 0.00024607945830547486 0.052747628653310036 0.052617015162572056 0.02876754177203421
0.6507507507507507 0.00023593499703889408 0.055139583712331505 0.054642215245325684 0.028324641726769458
0.6514514514514514 0.00022618652264175726 0.057376641185349596 0.05651823678126711 0.02784187994126327
0.6521521521521522 0.00021681954842367609 0.05944268105751435 0.058230438794270076 0.027317539379651926
0.6528528528528529 0.00020782007689103268 0.061321583313976025 0.059764180308208556 0.026749903006071604
0.6535535535535536 0.0001991745848716867 0.06299722793988499 0.06110482034695659 0.026137253784658507
0.6542542542542543 0.00019087000902837543 0.06445349492039161 0.06223771793438823 0.025477874679548818
0.6549549549549549 0.00018289373175304222 0.06567426424064604 0.06314823209437732 0.02477004865487885
0.6556556556556556 0.00017523356743436773 0.06664462533775702 0.06382286684597421 0.0240122799446964
0.6563563563563564 0.0001678777490908864 0.06736261619267678 0.06426038466970709 0.023205441726384335
0.6570570570570571 0.00016081491536209483 0.06783412957209907 0.06446698421727465 0.02235184421476776
0.6577577577577578 0.00015403409785008057 0.0680651684540273 0.06444896847806107 0.021453817787892477
0.6584584584584585 0.00014752470880424943 0.06806173581646496 0.0642126404414505 0.020513692823804337
0.6591591591591592 0.00014127652914181808 0.06782983463741549 0.06376430309682707 0.01953379970054914
0.6598598598598598 0.0001352796967968287 0.06737546789488236 0.063110259433575 0.018516468796172872
0.6605605605605606 0.00012952469539051004 0.06670463856686894 0.062256812441078294 0.01746403048872104
0.6612612612612613 0.00012400234321592368 0.06582334963137872 0.061210265108721115 0.016378815156239613
0.661961961961962 0.00011870378252988765 0.06473760406641507 0.05997692042588765 0.015263153176774416
0.6626626626626627 0.00011362046914529253 0.06345340484998149 0.05856308138196201 0.014119374928371264
0.6633633633633634 0.00010874416231699814 0.061976754960081426 0.05697505096632835 0.012949810789075984
0.664064064064064 0.00010406691491459767 0.060313657374718575 0.05521913216837111 0.01175679113693459
0.6647647647647648 9.958106387542548e-05 0.05847011507189587 0.053301627977473856 0.010542646349992517
0.6654654654654655 9.527922093129602e-05 0.056452131029616985 0.051228841383021015 0.00930970680629577
0.6661661661661662 9.115426360253124e-05 0.054265708225885355 0.04900707537439669 0.00806030288389018
0.6668668668668669 8.7199326452955e-05 0.05191684963870445 0.04664263294098506 0.0067967649608215545
0.6675675675675676 8.340779259961864e-05 0.04941155824607768 0.04414181707217024 0.005521423415135722
0.6682682682682682 7.977328547112354e-05 0.046755837026008946 0.04151093075733683 0.004236608624878709
0.668968968968969 7.628966080850002e-05 0.04395568895650083 0.0387562769858681 0.002944650968095921
0.6696696696696697 7.29509989027158e-05 0.04101711701555719 0.03588415874714863 0.0016478808228333874
0.6703703703703704 6.975159706296315e-05 0.03794612418118148 0.032900879030562526 0.00034862856713692436
0.6710710710710711 6.668596230999596e-05 0.0347487134313771 0.029812740825493945 -0.0009507754209476492
0.6717717717717718 6.37488042888752e-05 0.03143088774414754 0.02662604712132704 -0.0022480007633745008
0.6724724724724725 6.0935028395582305e-05 0.027998650097496212 0.023347100907445937 -0.0035407170820978273
0.6731731731731732 5.823972911206358e-05 0.02445800346942713 0.019982205173235325 -0.004826593999071597
0.6738738738738739 5.565818354436066e-05 0.02081495083794263 0.01653766290807827 -0.006103301136250391
0.6745745745745746 5.3185845158593026e-05 0.01707549518104668 0.013019777101359431 -0.0073685081155881954
0.6752752752752753 5.081833770964132e-05 0.01324563947674275 0.009434850742462976 -0.008619884559039184
0.675975975975976 4.85514493574921e-05 0.009331390166056552 0.005789188732669014 -0.009855101687033605
0.6766766766766767 4.6381126966296216e-05 0.005340006467065015 0.0020897876174979387 -0.011072408981984184
0.6773773773773774 4.430347058129027e-05 0.0012818546638955373 -0.0016546406810100354 -0.012271490098626409
0.6780780780780781 4.23147280788273e-05 -0.00283222552446889 -0.005435122862710894 -0.013452247221704558
0.6787787787787788 4.041128998486409e-05 -0.006991394379043376 -0.009242685627458872 -0.014614582535962328
0.6794794794794795 3.858968445733604e-05 -0.011184812180843669 -0.013068355675108778 -0.0157583982261436
0.6801801801801802 3.6846572427958224e-05 -0.015401639210885474 -0.016903159705515414 -0.016883596476992266
0.680880880880881 3.5178742899075496e-05 -0.019631035750184524 -0.0207381244185336 -0.017990079473252218
0.6815815815815817 3.3583108391282014e-05 -0.0238621620797566 -0.024564276514018154 -0.01907774939966734
0.6822822822822823 3.205670053762085e-05 -0.02808417848061673 -0.028372642691823276 -0.020146508440981356
0.682982982982983 3.0596665820264174e-05 -0.03228624523378201 -0.032154249651805 -0.021196258781938503
0.6836836836836837 2.9200261445668864e-05 -0.03645752262026747 -0.03590012409381751 -0.022226902607282474
0.6843843843843844 2.7864851354284843e-05 -0.040587170921088905 -0.039601292717715654 -0.02323834210175718
0.6850850850850851 2.658790236098732e-05 -0.04466435041726201 -0.0432487822233542 -0.024230479450106507
0.6857857857857859 2.5366980422487276e-05 -0.0486782213898025 -0.046833619310587986 -0.025203216837074327
0.6864864864864865 2.4199747028062906e-05 -0.05261794411972554 -0.05034683067927127 -0.0261564564474044
0.6871871871871872 2.3083955710036144e-05 -0.05647267888804808 -0.05377944302925997 -0.027090100465840903
0.6878878878878879 2.2017448670506858e-05 -0.06023158597578526 -0.05712248306040836 -0.028004051077127588
0.6885885885885886 2.0998153520933357e-05 -0.06388382566395279 -0.06036697747257123 -0.028898210466008323
0.6892892892892893 2.002408013123513e-05 -0.0674185582335664 -0.06350395296560339 -0.029772480817227012
0.6899899899899901 1.9093317585169624e-05 -0.07082494396564185 -0.06652443623935965 -0.030626764315527535
0.6906906906906907 1.8204031238815998e-05 -0.07409214314119433 -0.0694194539936944 -0.03146096314565365
0.6913913913913914 1.735445987907401e-05 -0.07720931604124065 -0.07218003292846334 -0.03227497949234953
0.6920920920920921 1.6542912979167e-05 -0.08016562294679602 -0.07479719974352085 -0.0330687155403589
0.6927927927927928 1.5767768048206198e-05 -0.08295022413887616 -0.0772619811387217 -0.03384207347442568
0.6934934934934935 1.502746807195477e-05 -0.08555227989849676 -0.07956540381392069 -0.03459495547929372
0.6941941941941943 1.4320519041997081e-05 -0.08796095050667366 -0.0816984944689727 -0.035327263739706946
0.694894894894895 1.3645487570593482e-05 -0.0901653962444225 -0.0836522798037325 -0.03603890044040923
0.6955955955955956 1.3000998588569162e-05 -0.09215477739275874 -0.08541778651805461 -0.03672976776614434
0.6962962962962963 1.2385733123654546e-05 -0.0939182542326988 -0.08698604131179449 -0.03739976790165642
0.696996996996997 1.1798426156764816e-05 -0.095444987045258 -0.08834807088480655 -0.038048803031689206
0.6976976976976977 1.1237864553767692e-05 -0.09672413611145214 -0.08949490193694568 -0.03867677534098661
0.6983983983983985 1.0702885070358817e-05 -0.09774486171229695 -0.09041756116806667 -0.039283587014292534
0.6990990990990992 1.0192372427724466e-05 -0.0984963241288081 -0.09110707527802428 -0.039869140236350825
0.6997997997997998 9.705257456735269e-06 -0.09896768364200138 -0.09155447096667338 -0.04043333719190534
0.7005005005005005 9.240515308475605e-06 -0.09914810053289258 -0.09175077493386882 -0.04097608006570009
0.7012012012012012 8.797163728974196e-06 -0.0990267350824974 -0.09168701387946537 -0.04149727104247891
0.7019019019019019 8.374261396058581e-06 -0.09859274757183155 -0.09135421450331785 -0.04199681230698568
0.7026026026026027 7.970906316315745e-06 -0.09783529828191076 -0.09074340350528107 -0.042474606043964275
0.7033033033033034 7.586234280196361e-06 -0.09674354749375078 -0.08984560758520979 -0.0429305544381586
0.704004004004004 7.219417373355926e-06 -0.09530665548836759 -0.08865185344295912 -0.04336455967431248
0.7047047047047047 6.869662542379578e-06 -0.09351378254677645 -0.0871531677783834 -0.043776523937169916
0.7054054054054054 6.536210213091211e-06 -0.09135408894999336 -0.08534057729133769 -0.044166349411474765
0.7061061061061061 6.21833295969779e-06 -0.08881673497903401 -0.08320510868167678 -0.04453393828197088
0.7068068068068069 5.915334223071603e-06 -0.08589088091491415 -0.08073778864925546 -0.044879192733402164
0.7075075075075076 5.626547076521785e-06 -0.08257085414797691 -0.07793399383135471 -0.04520215402231674
0.7082082082082083 5.3513330374550754e-06 -0.07888144396662924 -0.07481474525209986 -0.04550368328168799
0.7089089089089089 5.089080923372705e-06 -0.07485856425776205 -0.07141042919271262 -0.04578494106102651
0.7096096096096096 4.8392057506961045e-06 -0.07053814528577497 -0.06775144572184083 -0.04604708835064075
0.7103103103103103 4.601147674960124e-06 -0.06595611731506962 -0.063868194908134 -0.046291286140839
0.711011011011011 4.37437097095453e-06 -0.06114841061004693 -0.0597910768202411 -0.046518695421929615
0.7117117117117118 4.158363051438981e-06 -0.05615095543510793 -0.05555049152681111 -0.046730477184220964
0.7124124124124125 3.9526335230975695e-06 -0.050999682054653564 -0.05117683909649299 -0.04692779241802138
0.7131131131131131 3.756713278439874e-06 -0.04573052073308568 -0.04670051959793645 -0.0471118021136392
0.7138138138138138 3.570153622395232e-06 -0.040379401734803595 -0.04215193309978903 -0.04728366726138285
0.7145145145145145 3.392525432385836e-06 -0.03498225532420905 -0.03756147967070043 -0.04744454885156061
0.7152152152152152 3.2234183507012677e-06 -0.02957501176570306 -0.03295955937931957 -0.047595607874480875
0.715915915915916 3.062440008034801e-06 -0.024193601323686614 -0.028376572294295473 -0.04773800532045197
0.7166166166166167 2.9092152770768025e-06 -0.018873954262560694 -0.023842918484277123 -0.04787290217978227
0.7173173173173173 2.7633855550957544e-06 -0.013652000846727089 -0.01938899801791416 -0.0480014594427801
0.718018018018018 2.6246080744713473e-06 -0.008563671340585124 -0.015045210963854173 -0.04812483809975386
0.7187187187187187 2.492555240177274e-06 -0.003644896008536583 -0.010841957390746816 -0.04824419914101187
0.7194194194194194 2.3669139932429104e-06 0.001068394885017518 -0.006809637367241106 -0.0483607035568625
0.7201201201201202 2.247385199255167e-06 0.005540271075676201 -0.002978650961985997 -0.048475512337614074
0.7208208208208209 2.133683060991605e-06 0.009734802299038517 0.0006206017563695626 -0.04858978647357498
0.7215215215215216 2.0255345543058463e-06 0.013616058290703476 0.003957720719176536 -0.04870468695505355
0.7222222222222222 1.922678886414884e-06 0.01714810878626953 0.0070023058577855235 -0.04882137477235812
0.7229229229229229 1.8248669757659423e-06 0.020295023521336886 0.00972395710354853 -0.048941010915797084
0.7236236236236236 1.7318609526879056e-06 0.023020872231503953 0.012092274387816078 -0.049064756375678795
0.7243243243243244 1.6434336800582894e-06 0.025289724652369727 0.014076857641939167 -0.04919377214231157
0.7250250250250251 1.559368293242976e-06 0.027065650519533288 0.015647306797268806 -0.0493292192060038
0.7257257257257258 1.4794577585903636e-06 0.02831271956859356 0.016773221785156056 -0.04947225855706379
0.7264264264264264 1.4035044497861731e-06 0.028995001535149598 0.01742420253695188 -0.04962405118579992
0.7271271271271271 1.33131974139825e-06 0.0290765661548006 0.01756984898400748 -0.04978575808252056
0.7278278278278278 1.2627236189641006e-06 0.028521965380172307 0.017180162438742763 -0.04995852799893408
0.7285285285285286 1.1975443049952887e-06 0.027322426927600396 0.01624734821293304 -0.050142832659636746
0.7292292292292293 1.1356179002950005e-06 0.02550927775250736 0.01479698886252638 -0.050338126076205206
0.72992992992993 1.0767880400054691e-06 0.023117152336903132 0.0128574200162231 -0.0505437783156589
0.7306306306306306 1.0209055638223909e-06 0.020180685162798043 0.010456977302723824 -0.05075915944501717
0.7313313313313313 9.678281998329364e-07 0.016734510712201098 0.007623996350728107 -0.0509836395312995
0.732032032032032 9.174202614531172e-07 0.012813263467122582 0.004386812788936517 -0.05121658864152528
0.7327327327327328 8.695523569584332e-07 0.008451577909572391 0.0007737622460493171 -0.05145737684271391
0.7334334334334335 8.241011111198548e-07 0.0036840885215603247 -0.0031868196492332163 -0.051705374201884785
0.7341341341341342 7.809488984743334e-07 -0.0014545702149035972 -0.007466597268210806 -0.051959950786057335
0.7348348348348349 7.39983587775782e-07 -0.006929763817809589 -0.012037234982183176 -0.052220476662250985
0.7355355355355355 7.010982971887681e-07 -0.012706857805146812 -0.01687039716244934 -0.05248632189748505
0.7362362362362362 6.641911598028089e-07 -0.018751217694907188 -0.02193774818031051 -0.052756856558779056
0.736936936936937 6.291650990604657e-07 -0.025028209005079988 -0.027210952407065697 -0.05303145071315238
0.7376376376376377 5.95927613706986e-07 -0.03150319725365529 -0.03266167421401461 -0.053309474427624404
0.7383383383383384 5.643905718837109e-07 -0.038141547958623234 -0.03826157797245702 -0.05359029776921455
0.7390390390390391 5.344700140011105e-07 -0.04490862663797396 -0.04398232805369266 -0.05387329080494224
0.7397397397397397 5.060859640406777e-07 -0.0517697988096964 -0.04979558882902031 -0.05415782360182682
0.7404404404404404 4.791622489478706e-07 -0.05869042999178295 -0.05567302466974158 -0.054443266226887804
0.7411411411411412 4.536263257907268e-07 -0.06563588570222265 -0.06158629994715528 -0.05472898874714454
0.7418418418418419 4.294091163708329e-07 -0.07257153145900552 -0.06750707903256115 -0.05501436122961645
0.7425425425425426 4.064448489850513e-07 -0.07946273278012177 -0.0734070262972589 -0.05529875374132295
0.7432432432432433 3.8467090704763525e-07 -0.08627485518356147 -0.07925780611254829 -0.05558153634928342
0.743943943943944 3.6402768429328217e-07 -0.09297326418731475 -0.08503108284972906 -0.0558620791205173
0.7446446446446446 3.4445844629220723e-07 -0.09952332530937068 -0.09069852088010003 -0.05613975212204394
0.7453453453453454 3.259091980184681e-07 -0.10589040406772149 -0.09623178457496273 -0.05641392542088283
0.7460460460460461 3.083285572226597e-07 -0.11203986598035624 -0.10160253830561602 -0.056683969084053355
0.7467467467467468 2.916676333694722e-07 -0.11793707656526511 -0.10678244644335969 -0.056949253178574924
0.7474474474474475 2.7587991190990503e-07 -0.12354740134043805 -0.11174317335949333 -0.05720914777146692
0.7481481481481482 2.60921143666654e-07 -0.12883620582386532 -0.11645638342531678 -0.05746302292974878
0.7488488488488488 2.4674923911980747e-07 -0.13377258060604175 -0.12089665851804578 -0.05771031448294404
0.7495495495495496 2.3332416738816455e-07 -0.13835163164778624 -0.12505895595637667 -0.05795091753644189
0.7502502502502503 2.2060785970949606e-07 -0.14257955747102746 -0.12894692083961154 -0.058184923023926104
0.750950950950951 2.0856411723067332e-07 -0.14646259784690535 -0.13256423057375738 -0.05841242260729495
0.7516516516516517 1.9715852292603048e-07 -0.15000699254655964 -0.13591456256482104 -0.05863350794844657
0.7523523523523524 1.863583574694467e-07 -0.15321898134113016 -0.13900159421880945 -0.0588482707092792
0.753053053053053 1.761325188924945e-07 -0.1561048040017564 -0.14182900294172915 -0.05905680255169101
0.7537537537537538 1.6645144586765342e-07 -0.1586707002995791 -0.14440046613958793 -0.05925919513758029
0.7544544544544545 1.5728704446196436e-07 -0.1609229100057375 -0.14671966121839217 -0.059455540128845165
0.7551551551551552 1.4861261821265712e-07 -0.16286767289137152 -0.1487902655841489 -0.05964592918738389
0.7558558558558559 1.4040280138221375e-07 -0.16451122872762097 -0.15061595664286492 -0.059830453975094636
0.7565565565565566 1.3263349525606745e-07 -0.16585981728562568 -0.15220041180054725 -0.060009206153875644
0.7572572572572573 1.2528180735161128e-07 -0.16691967833652546 -0.15354730846320272 -0.06018227738562509
0.757957957957958 1.1832599341251603e-07 -0.16769705165146004 -0.15466032403683813 -0.06034975933224116
0.7586586586586587 1.1174540206745297e-07 -0.16819817700156953 -0.15554313592746077 -0.06051174365562212
0.7593593593593594 1.0552042203724124e-07 -0.16842929415799363 -0.15619942154107735 -0.06066832201766616
0.7600600600600601 9.963243177914768e-08 -0.1683966428918721 -0.15663285828369475 -0.060819586080271465
0.7607607607607608 9.406375146165794e-08 -0.16810646297434478 -0.1568471235613199 -0.06096562750533625
0.7614614614614615 8.879759716738448e-08 -0.1675649941765516 -0.15684589477995975 -0.06110653795475871
0.7621621621621621 8.381803722601578e-08 -0.1667784762696324 -0.15663284934562124 -0.061242409090437065
0.7628628628628629 7.910995058325302e-08 -0.16575314902472685 -0.1562116646643112 -0.06137333257426952
0.7635635635635636 7.465898711559647e-08 -0.16449525221297492 -0.1555860181420366 -0.06149940006815429
0.7642642642642643 7.045152980457476e-08 -0.1630110256055163 -0.15475958718480437 -0.06162070323398957
0.764964964964965 6.647465868763492e-08 -0.1613067089734909 -0.15373604919862133 -0.06173733373367356
0.7656656656656657 6.271611650637035e-08 -0.15938854208803857 -0.1525190815894945 -0.06184938322910448
0.7663663663663663 5.91642759760981e-08 -0.15726276472029949 -0.151112361763431 -0.06195694338218051
0.7670670670670671 5.580810860399722e-08 -0.1549356166414128 -0.14951956712643732 -0.0620601058547999
0.7677677677677678 5.263715498610795e-08 -0.15241333762251863 -0.14774437508452054 -0.06215896230886081
0.7684684684684685 4.964149651643008e-08 -0.14970216743475684 -0.1457904630436876 -0.06225360440626148
0.7691691691691692 4.681172844421995e-08 -0.14680834584926725 -0.1436615084099454 -0.06234412380890011
0.7698698698698699 4.413893421829729e-08 -0.14373811263718975 -0.1413611885893009 -0.06243061217867491
0.7705705705705707 4.161466105980471e-08 -0.14049770756966404 -0.13889318098776102 -0.06251316117748405
0.7712712712712713 3.9230896707368036e-08 -0.13709337041783062 -0.13626116301133306 -0.06259186246722578
0.771971971971972 3.6980047281027555e-08 -0.1335313409528282 -0.13346881206602307 -0.0626668077097983
0.7726726726726727 3.4854916213628753e-08 -0.12981785894579714 -0.1305198055578385 -0.06273808856709978
0.7733733733733734 3.284868420057431e-08 -0.12595916416787722 -0.12741782089278608 -0.06280579670102847
0.7740740740740741 3.095489012099065e-08 -0.12196149639020838 -0.12416653547687292 -0.06287002377348255
0.7747747747747749 2.916741288539481e-08 -0.11783109538393033 -0.12076962671610578 -0.06293086144636023
0.7754754754754755 2.7480454166922498e-08 -0.11357420092018365 -0.11723077201649225 -0.06298840138155971
0.7761761761761762 2.5888521975053752e-08 -0.1091970527701068 -0.11355364878403806 -0.06304273524097921
0.7768768768768769 2.438641503258824e-08 -0.10470589070484032 -0.10974193442475073 -0.06309395468651695
0.7775775775775776 2.2969207918345692e-08 -0.10010695449552398 -0.10579930634463718 -0.06314215138007111
0.7782782782782783 2.1632236939733742e-08 -0.09540648391329769 -0.10172944194970425 -0.06318741698353991
0.778978978978979 2.037108670091651e-08 -0.09061071872930117 -0.09753601864595893 -0.06322984315882155
0.7796796796796797 1.9181577333840206e-08 -0.08572589871467513 -0.09322271383940878 -0.06326952156781421
0.7803803803803804 1.805975236083636e-08 -0.08075826364055781 -0.08879320493605942 -0.06330654387241617
0.7810810810810811 1.7001867158925463e-08 -0.07571405327808979 -0.08425116934191837 -0.06334100173452556
0.7817817817817818 1.6004377997279893e-08 -0.07059950739841095 -0.07960028446299257 -0.06337298681604062
0.7824824824824825 1.5063931620598266e-08 -0.06542086577266108 -0.07484422770528891 -0.06340259077885954
0.7831831831831833 1.4177355352366668e-08 -0.060184368171980016 -0.06998667647481438 -0.06342990528488056
0.783883883883884 1.3341647693166641e-08 -0.05489625436750762 -0.06503130817757583 -0.06345502199600186
0.7845845845845846 1.2553969390314848e-08 -0.04956276413038452 -0.059981800219581015 -0.06347803257412166
0.7852852852852853 1.1811634956199717e-08 -0.04419013723174886 -0.054841830006835214 -0.06349902868113813
0.785985985985986 1.1112104613717225e-08 -0.03878461344274135 -0.04961507494534617 -0.06351810197894951
0.7866866866866867 1.0452976648192744e-08 -0.03335243253450182 -0.04430521244112077 -0.063535344129454
0.7873873873873874 9.831980146126433e-09 -0.027899834278170093 -0.03891591990016601 -0.06355084679454982
0.7880880880880882 9.246968102003302e-09 -0.02243305844488596 -0.03345087472848869 -0.06356470163613516
0.7887887887887888 8.69591087527638e-09 -0.016958344805790157 -0.027913754332096682 -0.06357700031610822
0.7894894894894895 8.17688998045872e-09 -0.011481933132020793 -0.02230823611699516 -0.0635878344963672
0.7901901901901902 7.688092194055354e-09 -0.006010063194718529 -0.016637997489191862 -0.06359729583881034
0.7908908908908909 7.227803962818825e-09 -0.0005489747650232052 -0.010906715854693709 -0.06360547600533582
0.7915915915915916 6.794406098541916e-09 0.00489509238592533 -0.005118068619507657 -0.06361246665784184
0.7922922922922924 6.386368745289351e-09 0.01031589848698726 0.0007242668103594058 -0.06361835945822664
0.7929929929929931 6.002246605633889e-09 0.01570720376702276 0.006616613028900556 -0.0636232460683884
0.7936936936936937 5.640674413094441e-09 0.021062768454891134 0.012555292630107913 -0.06362721815022532
0.7943943943943944 5.300362638576503e-09 0.026376352779454278 0.018536628207976497 -0.06363036736563561
0.7950950950950951 4.9800934191953065e-09 0.03164171696957145 0.02455694235649839 -0.0636327853765175
0.7957957957957958 4.678716698409665e-09 0.03685262125410289 0.030612557669666723 -0.06363456384476918
0.7964964964964966 4.395146566924148e-09 0.04200282586190874 0.036699796741474555 -0.06363579443228884
0.7971971971971973 4.1283577943185006e-09 0.04708609102184917 0.04281498216591499 -0.06363656880097471
0.7978978978978979 3.877382541843432e-09 0.052096176962783576 0.048954436536980124 -0.063636978612725
0.7985985985985986 3.64130724728016e-09 0.0570268439135737 0.055114482448664986 -0.0636371155294379
0.7992992992992993 3.419269673199389e-09 0.0618718521030789 0.061291442494961684 -0.06363707121301161
0.8 3.2104561103712005e-09 0.06662496176015933 0.06748163926986331 -0.06363693732534437
