xplot yplot Bspline_fit Pspline_fit SCP_spline_fit
0.1 0.0038609082724554255 0.006942091296539554 -0.031286429604438816 -0.06383745103870335
0.10070070070070071 0.003998376470810183 -0.008982422044461036 -0.03537982503844466 -0.06278726051699042
0.1014014014014014 0.004140332658994905 -0.02372732527303867 -0.0391776564474426 -0.061693357286272565
0.1021021021021021 0.004286907803511525 -0.03732468941268194 -0.04268617484559828 -0.060557299290534515
0.10280280280280281 0.0044382361292579844 -0.04980658548687869 -0.0459116312470771 -0.05938064447376106
0.10350350350350351 0.004594455181232002 -0.06120508451911705 -0.048860276666044554 -0.05816495077993697
0.1042042042042042 0.004755705886757467 -0.07155225753288474 -0.05153836211666601 -0.056911776153047
0.10490490490490491 0.004922132618214581 -0.0808801755516706 -0.053952138613107145 -0.05562267853707591
0.10560560560560561 0.005093883256253867 -0.08922090959896234 -0.05610785716953332 -0.05429921587600845
0.10630630630630632 0.00527110925347307 -0.09660653069824818 -0.058011768800110025 -0.05294294611382944
0.10700700700700701 0.005453965698535158 -0.10306910987301601 -0.05967012451900272 -0.051555427194523606
0.10770770770770771 0.005642611380704248 -0.10864071814675424 -0.061089175340376965 -0.0501382170620757
0.10840840840840842 0.005837208854775226 -0.11335342654295089 -0.06227517227839819 -0.04869287366047051
0.10910910910910912 0.0060379245063721144 -0.11723930608509411 -0.06323436634723185 -0.04722095493369279
0.10980980980980981 0.0062449286175885015 -0.12033042779667177 -0.06397300856104345 -0.04572401882572733
0.11051051051051052 0.0064583954329426735 -0.12265886270117235 -0.06449734993399849 -0.044203623280558865
0.11121121121121122 0.006678503225618656 -0.12425668182208369 -0.06481364148026242 -0.042661326242172164
0.11191191191191192 0.006905434363963386 -0.12515595618289413 -0.06492813421400073 -0.041098685654552
0.11261261261261261 0.0071393753782088105 -0.12538875680709152 -0.0648470791493789 -0.039517259461683156
0.11331331331331332 0.007380517027386608 -0.12498715471816416 -0.06457672730056242 -0.03791860560755035
0.11401401401401402 0.007629054366402215 -0.12398322093960015 -0.06412332968171676 -0.03630428203613839
0.11471471471471473 0.007885186813233002 -0.12240902649488758 -0.06349313730700741 -0.03467584669143201
0.11541541541541542 0.00814911821621481 -0.12029664240751457 -0.06269240119059982 -0.03303485751741603
0.11611611611611612 0.008421056921379526 -0.11767813970096919 -0.0617273723466595 -0.03138287245807513
0.11681681681681683 0.008701215839804868 -0.11458558939873964 -0.06060430178935193 -0.02972144945739414
0.11751751751751752 0.008989812514936633 -0.11105106252431399 -0.059329440532842594 -0.028052146459357823
0.11821821821821822 0.009287069189842215 -0.10710663010118032 -0.05790903959129694 -0.026376521407950902
0.11891891891891893 0.009593212874352549 -0.10278436315282674 -0.05634934997888047 -0.024696132247158158
0.11961961961961963 0.009908475412048905 -0.09811633270274148 -0.05465662270975866 -0.02301253692096437
0.12032032032032033 0.01023309354704909 -0.09313460977441256 -0.05283710879809699 -0.0213272933733543
0.12102102102102102 0.010567308990546588 -0.08787126539132814 -0.05089705925806098 -0.019641959548312736
0.12172172172172173 0.010911368487054466 -0.08235837057697627 -0.04884272510381603 -0.01795809338982439
0.12242242242242243 0.011265523880304912 -0.07662799635484509 -0.04668035734952766 -0.01627725284187405
0.12312312312312312 0.011630032178753726 -0.07071221374842285 -0.0444162070093614 -0.014600995848446518
0.12382382382382383 0.012005155620637538 -0.06464309378119742 -0.04205652509748264 -0.012930880353526495
0.12452452452452453 0.012391161738530273 -0.058452707476657054 -0.0396075626280569 -0.011268464301098773
0.12522522522522522 0.012788323423344256 -0.05217312585828999 -0.037075570615249714 -0.009615305635148159
0.12592592592592594 0.013196918987719556 -0.045836419949583956 -0.03446680007322642 -0.007972962299659315
0.12662662662662663 0.01361723222874382 -0.03947466077402758 -0.031787502016152686 -0.00634299223861714
0.12732732732732732 0.014049552489944068 -0.033119919355108725 -0.029043927458193897 -0.0047269533960063274
0.12802802802802804 0.014494174722489513 -0.026804266716315216 -0.026242327413515412 -0.0031264037158115748
0.12872872872872873 0.014951399545544 -0.02055977388113571 -0.023388952896282938 -0.001542901142017784
0.12942942942942945 0.015421533305705056 -0.01441851187305783 -0.020490054920661745 2.199638139040866e-05
0.13013013013013014 0.015904888135464635 -0.008412551715570156 -0.01755188450081753 0.0015667309104281137
0.13083083083083083 0.016401782010626174 -0.002573964432160576 -0.014580692650915661 0.0030897445011106306
0.13153153153153155 0.016912538806610537 0.003065178953683037 -0.01158273038512149 0.004589479209453254
0.13223223223223224 0.017437488353582314 0.008474071117804911 -0.008564177788565787 0.006064434961437264
0.13293293293293296 0.017976966490327005 0.013641511344679474 -0.005530114464806267 0.007514009549924892
0.13363363363363365 0.01853131511680725 0.01857175723446986 -0.0024847523716047364 0.008938308667341566
0.13433433433433434 0.019100882245326592 0.023269485703140268 0.0005677200686740203 0.010337457208300111
0.13503503503503506 0.01968602205022621 0.02773937366665489 0.0036231144336652636 0.011711580067413355
0.13573573573573575 0.020287094916040117 0.03198609804097738 0.006677242301003819 0.013060802139293951
0.13643643643643644 0.02090446748403288 0.036014335742071926 0.009725915248324958 0.014385248318554734
0.13713713713713716 0.021538512697041743 0.039828763685902685 0.012764944853263875 0.015685043499808517
0.13783783783783785 0.022189609842545307 0.043434058788433386 0.01579014269345547 0.01696031257766797
0.13853853853853854 0.022858144593878516 0.04683489796562815 0.018797320346534925 0.01821118044674591
0.13923923923923925 0.023544509049513596 0.05003595813345116 0.021782289390137516 0.019437772001655168
0.13993993993993994 0.024249101770324247 0.05304191620786613 0.0247408614018981 0.020640212137008403
0.14064064064064064 0.024972327814751075 0.05585744910483724 0.027668847959451903 0.02181862574741844
0.14134134134134135 0.02571459877178311 0.058487233740328576 0.03056206064043415 0.0229731377274981
0.14204204204204204 0.026476332791671147 0.06093594703030393 0.03341631102247972 0.02410387297186005
0.14274274274274276 0.027257954614286733 0.06320826589072755 0.03622741068322394 0.02521095637511716
0.14344344344344345 0.028059895595039352 0.06530886723756321 0.0389911712003017 0.026294512831882097
0.14414414414414417 0.028882593728265033 0.06724242798677514 0.041703404151348336 0.027354667236767737
0.14484484484484486 0.0297264936679964 0.06901362505432715 0.04435992111399874 0.028391544484386758
0.14554554554554555 0.030592046746026107 0.07062713535618337 0.046956533665888096 0.029405269469351958
0.14624624624624627 0.03147971098717234 0.07208763580830785 0.04948905338465169 0.030395967086276173
0.14694694694694696 0.0323899511216563 0.07339980332666449 0.051953291847924354 0.03136376222977207
0.14764764764764765 0.03332323859449983 0.07456831482721732 0.05434506063334134 0.03230877979445247
0.14834834834834837 0.034280051571851156 0.07559784722593046 0.05666017131853783 0.033231144674930185
0.14904904904904906 0.035260874944146064 0.07649307743876779 0.05889443548114875 0.0341309817658179
0.14974974974974975 0.036266200326011876 0.07725868238169337 0.06104366469880931 0.035008415961728434
0.15045045045045047 0.037296526052820016 0.07789933897067125 0.0631036705491547 0.03586357215727458
0.15115115115115116 0.03835235717379398 0.07841972412166537 0.06507026460981985 0.03669657524706903
0.15185185185185185 0.03943420544157849 0.07882451475063976 0.06693925845843998 0.03750755012572462
0.15255255255255257 0.040542589298175266 0.07911838777355847 0.06870646367265025 0.038296621687854124
0.15325325325325326 0.041678033857151034 0.07930602010638549 0.07036769183008564 0.039063914828070256
0.15395395395395395 0.04284107088202382 0.07939208866508478 0.07191875450838128 0.039809554440985814
0.15465465465465467 0.04403223876073204 0.07938127036562045 0.07335546328517242 0.040533665421213616
0.15535535535535536 0.04525208247609268 0.07927824212395644 0.07467362973809401 0.04123637266336636
0.15605605605605607 0.04650115357215438 0.07908768085605675 0.07586906544478123 0.04191780106205686
0.15675675675675677 0.04778001011635024 0.07881426347788545 0.07693758198286917 0.042578075511897864
0.15745745745745748 0.049089216657358554 0.07846266690540649 0.07787499092999295 0.04321732090750215
0.15815815815815817 0.05042934417857595 0.07803756805458391 0.07867710386378764 0.04383566214348248
0.15885885885885886 0.051800970047112115 0.07754364384138174 0.0793397323618884 0.04443322411445163
0.15955955955955958 0.05320467795821224 0.07698557118176393 0.07985868800193034 0.04501013171502239
0.16026026026026027 0.054641057875016295 0.07636802699169457 0.08022978236154854 0.04556650983980749
0.16096096096096096 0.05611070596356469 0.07569568818713761 0.08044882701837808 0.04610248338341972
0.16166166166166168 0.057614224522959376 0.07497323168405703 0.08051163355005414 0.04661817724047186
0.16236236236236237 0.05915222191059148 0.07420533439841698 0.08041401353421182 0.047113716305576675
0.16306306306306306 0.06072531246234882 0.07339667324618135 0.08015177854848618 0.047589225473346916
0.16376376376376378 0.062334116407713955 0.07255192769628124 0.07972075958539583 0.048044836454927
0.16446446446446447 0.06397925977966909 0.07167646811437169 0.07912204179030198 0.04848252568532782
0.16516516516516516 0.06566137431932316 0.07077728727670504 0.07836904846701916 0.04890860150539749
0.16586586586586588 0.0673810973751772 0.06986161059866162 0.07747697210061937 0.049329993412427
0.1665665665665666 0.06913907179694753 0.06893666349562168 0.07646100517617459 0.04975363090370728
0.16726726726726726 0.07093594582386684 0.06800967138296557 0.0753363401787569 0.05018644347652924
0.16796796796796798 0.07277237296738572 0.0670878596760734 0.07411816959343809 0.05063536062818388
0.1686686686686687 0.07464901188819695 0.0661784537903255 0.07282168590529021 0.05110731185596211
0.16936936936936936 0.07656652626751001 0.06528867914110223 0.07146208159938539 0.051609226657154866
0.17007007007007008 0.07852558467250437 0.06442576114378369 0.07005454916079538 0.05214803452905316
0.1707707707707708 0.08052686041588787 0.06359692521375021 0.06861428107459222 0.0527306649689479
0.1714714714714715 0.08257103140949794 0.06280939676638211 0.06715646982584803 0.05336404747413
0.17217217217217218 0.0846587800118769 0.06207040121705959 0.06569630789963464 0.054055111541890424
0.1728728728728729 0.08679079286975978 0.061387163981162896 0.06424898778102403 0.05481078666952017
0.1735735735735736 0.08896776075341392 0.06076691047407237 0.0628297019550883 0.05563800235431012
0.17427427427427428 0.09119037838577573 0.06021686611116821 0.06145364290689934 0.056543688093551224
0.174974974974975 0.09345934426532687 0.059744256307830694 0.060136003121529086 0.05753477338453449
0.17567567567567569 0.09577536048266028 0.05935630647944011 0.058891975084049634 0.0586181877245508
0.17637637637637638 0.09813913253068864 0.059060242041376686 0.0577367512795329 0.05980086061089112
0.1770770770770771 0.10055136910844827 0.058863288409020706 0.0566855241930508 0.06108972154084645
0.17777777777777778 0.10301278191845775 0.05877267099775242 0.05575348630967541 0.06249170001170763
0.17847847847847848 0.10552408545759413 0.0587956152229521 0.054955830114478674 0.06401372552076566
0.1791791791791792 0.10808599680144987 0.05893934650000003 0.05430774809253254 0.06566272756531158
0.1798798798798799 0.11069923538214121 0.05921109024427643 0.053824432728909036 0.06744563564263623
0.18058058058058057 0.11336452275953994 0.059618071871161575 0.05352107650868014 0.06936937925003042
0.1812812812812813 0.11608258238590728 0.060167516796035755 0.053412871916917785 0.07144088788478542
0.181981981981982 0.11885413936390617 0.06086665043427926 0.053515011438693985 0.07366709104419203
0.1826826826826827 0.12167992019798214 0.06172269820127225 0.05384268755908072 0.07605491822554106
0.1833833833833834 0.12456065253909887 0.06274288551239506 0.05441109276314992 0.07861129892612358
0.1840840840840841 0.12749706492282264 0.06393443778302797 0.055235419535973634 0.08134316264323063
0.1847847847847848 0.13048988650075294 0.06530458042855118 0.05633086036262378 0.08425743887415295
0.1854854854854855 0.13353984676530425 0.06686053886434497 0.05771260772817234 0.08736105711618156
0.1861861861861862 0.13664767526784286 0.0686095385057897 0.05939585411769142 0.09066094686660758
0.1868868868868869 0.13981410133019342 0.07055880476826548 0.0613957920162528 0.09416403762272169
0.1875875875875876 0.14303985374953135 0.07271556306715264 0.06372761390892855 0.09787725888181495
0.1882882882882883 0.1463256604966825 0.07508703881783156 0.06640651228079072 0.10180754014117852
0.188988988988989 0.1496722484078573 0.07768045743568229 0.06944767961691115 0.10596181089810291
0.1896896896896897 0.15308034286985328 0.08050304433608521 0.0728663084023619 0.11034700064987935
0.1903903903903904 0.1565506674987605 0.08356202493442065 0.07667759112221503 0.11497003889379888
0.1910910910910911 0.16008394381221477 0.0868646246460687 0.08089672026154227 0.11983785512715214
0.1917917917917918 0.1636808908952475 0.0904180688864097 0.08553888830541578 0.12495737884723024
0.1924924924924925 0.16734222505978402 0.09422958307082409 0.09061928773890768 0.13033553955132432
0.19319319319319322 0.17106865949785136 0.09830639261469198 0.09615311104708979 0.13597926673672514
0.1938938938938939 0.17486090392856055 0.1026557229333933 0.10215555071503366 0.1418954899007232
0.1945945945945946 0.17871966423893557 0.10728479944230898 0.10864179922781213 0.14809113854061035
0.19529529529529532 0.18264564211866144 0.11220084755681894 0.11562704907049678 0.15457314215367707
0.19599599599599601 0.18663953468884042 0.11741029270135325 0.12312353767491069 0.1613468986798694
0.1966966966966967 0.19070203412484157 0.12291310126492298 0.13111964371097856 0.16840544044032832
0.19739739739739742 0.19483382727333848 0.1287061160406927 0.13959220772803352 0.1757358197308452
0.1980980980980981 0.19903559526363632 0.13478615946789407 0.14851799509086533 0.18332504988025183
0.1987987987987988 0.20330801311339833 0.14115005398575936 0.1578737711642647 0.1911601442173808
0.19949949949949952 0.20765174932887995 0.14779462203352106 0.16763630131302273 0.19922811607106494
0.2002002002002002 0.2120674654997947 0.1547166860504108 0.177782350901929 0.20751597877013592
0.2009009009009009 0.21655581588893566 0.16191306847566084 0.18828868529577444 0.2160107456434264
0.20160160160160162 0.22111744701668526 0.16938059174850367 0.19913206985934992 0.22469943001976914
0.2023023023023023 0.2257529972405517 0.17711607830817086 0.21028926995744507 0.2335690452279958
0.203003003003003 0.23046309632987874 0.18511635059389484 0.2217370509548509 0.2426066045969391
0.20370370370370372 0.23524836503587757 0.19337823104490795 0.23345217821635822 0.2517991214554318
0.20440440440440444 0.24010941465714042 0.2018985421004421 0.24541141710675723 0.2611336091323059
0.2051051051051051 0.24504684660080042 0.21067410619972873 0.25759153299083737 0.270597080956393
0.20580580580580582 0.25006125193950934 0.2197017457820013 0.269969291233391 0.280176550256527
0.20650650650650654 0.25515321096440585 0.22897828328649125 0.28252145719920774 0.2898590303615395
0.20720720720720723 0.2603232927342638 0.2385005411524304 0.2952247962530775 0.29963153460026254
0.20790790790790792 0.2655720546210089 0.24826534181905113 0.3080560737597914 0.30948107630152877
0.20860860860860864 0.27090004185179706 0.2582695077255861 0.3209920550841402 0.319394668794171
0.20930930930930933 0.27630778704786074 0.2685098613112665 0.3340095055909136 0.32935932540702095
0.21001001001001002 0.2817958097603328 0.27898322501532496 0.3470851906449025 0.33936205946891124
0.21071071071071074 0.2873646160032603 0.28968642127699396 0.360195875610898 0.3493898843086747
0.21141141141141143 0.29301469778403244 0.3006162725355048 0.37331832585368935 0.3594298132551428
0.21211211211211212 0.2987465326314508 0.31176960123009007 0.3864293067380678 0.3694688596371484
0.21281281281281283 0.3045605831216745 0.32314322979998233 0.3995055836288241 0.3794940367835243
0.21351351351351353 0.3104572964022807 0.33473398068441274 0.4125239218907479 0.389492358023102
0.21421421421421422 0.3164371037146892 0.3465386763226139 0.42546108688863027 0.3994508366847143
0.21491491491491493 0.32250041991520023 0.3585541391538185 0.438293843987262 0.409356486097194
0.21561561561561562 0.32864764299490334 0.3707771916172577 0.4509989585514327 0.4191963195893727
0.21631631631631631 0.33487915359872594 0.38320465615216404 0.46355319594593325 0.4289573504900831
0.21701701701701703 0.341195314543885 0.39583335519777013 0.4759333215355547 0.4386265921281579
0.21771771771771775 0.34759647033802005 0.40866011119330764 0.488116100685087 0.4481910578324292
0.21841841841841841 0.35408294669728746 0.4216817465780078 0.50007829875932 0.4576377609317287
0.21911911911911913 0.3606550500647046 0.43489508379110453 0.5117966811230457 0.4669537147548901
0.21981981981981985 0.3673130671290266 0.448296945271829 0.5232480131410535 0.476125932630745
0.22052052052052054 0.3740572643444631 0.4618841534594131 0.534409060178134 0.48514142788812575
0.22122122122122123 0.38088788745152735 0.47565353079308903 0.5452565875990778 0.4939872138558645
0.22192192192192195 0.3878051609993278 0.4896018997120898 0.5557673607686757 0.5026503038627944
0.22262262262262264 0.39480928786960945 0.5037260826556462 0.5659181450517178 0.5111177112377472
0.22332332332332333 0.4019004488028646 0.5180229020629912 0.5756857058129945 0.5193764493095554
0.22402402402402405 0.40907880192682833 0.5324891803733571 0.585046808417297 0.5274135314070516
0.22472472472472474 0.41634448228768073 0.5471217400259754 0.5939782182294149 0.5352159708590678
0.22542542542542543 0.4236976013842905 0.5619174034600782 0.602456700614139 0.5427707809944364
0.22612612612612615 0.4311382467058225 0.5768729931148987 0.6104590209362601 0.5500649751419905
0.22682682682682684 0.4386664812730474 0.5919853314296678 0.6179619445605686 0.5570855666305615
0.22752752752752756 0.44628234318369475 0.6072510021911357 0.624942604939812 0.5638197796968732
0.22822822822822825 0.45398584516218277 0.6226549586064609 0.6313960740632779 0.5702651170418853
0.22892892892892894 0.46177697411407836 0.63816552278791 0.6373430750497722 0.5764337790101934
0.22962962962962966 0.4696556906856257 0.6537497378196002 0.6428063037394973 0.5823390962808701
0.23033033033033035 0.47762192882869686 0.669374646785647 0.6478084559726547 0.5879943995329873
0.23103103103103104 0.4856755953715175 0.6850072927701669 0.652372227589446 0.593413019445617
0.23173173173173175 0.49381656959551734 0.7006147188572773 0.6565203144300733 0.598608286697832
0.23243243243243245 0.5020447028186609 0.7161639681310933 0.660275412334738 0.6035935319687039
0.23313313313313316 0.5103598179856211 0.7316220836757327 0.6636602171436422 0.6083820859373057
0.23383383383383385 0.518761709265145 0.7469561085753101 0.6666974246969873 0.6129872792827087
0.23453453453453454 0.5272501416549792 0.7621330859139437 0.6694097308349756 0.6174224426839858
0.23523523523523526 0.5358248505947081 0.7771200587757495 0.6718198313978088 0.6217009068202094
0.23593593593593595 0.544485541586868 0.7918840702448433 0.6739504222256881 0.625836002370451
0.23663663663663664 0.5532318898267007 0.8063921634053417 0.6758241991588159 0.6298410600137833
0.23733733733733736 0.5620635398409 0.820611381341362 0.6774638580373938 0.6337294104292786
0.23803803803803805 0.5709801051357148 0.8345087671370197 0.6788920947016236 0.6375143842960089
0.23873873873873874 0.5799811678547726 0.8480513638764315 0.680131604991707 0.6412093122930465
0.23943943943943946 0.5890662784469718 0.8612062146437142 0.6812050847478459 0.6448275250994638
0.24014014014014015 0.5982349553448065 0.8739403625229836 0.682135229810242 0.6483823533943327
0.24084084084084087 0.6074866846534807 0.8862208505983569 0.6829447360190972 0.651887127856726
0.24154154154154156 0.6168209198511581 0.8980147219539496 0.683656299214613 0.6553551791657153
0.24224224224224225 0.6262370815007069 0.9092890196738788 0.6842926152369916 0.6587998380003732
0.24294294294294297 0.635734556973284 0.9200107868422611 0.6848763799264344 0.6622344350397719
0.24364364364364366 0.6453127001841024 0.9301470665432122 0.6854302891231434 0.6656723009629836
0.24434434434434435 0.6549708313407329 0.939664901860849 0.6859770386673203 0.6691267664490802
0.24504504504504507 0.6647082367042705 0.9485313358792882 0.6865393243991671 0.6726111621771347
0.24574574574574576 0.6745241683637051 0.9567134116826455 0.687139842158885 0.6761388188262184
0.24644644644644648 0.684417844023831 0.9641781723550383 0.6878012877866766 0.6797230670754044
0.24714714714714717 0.6943884468070144 0.9708926609805819 0.688546357122743 0.6833772376037643
0.24784784784784786 0.704435125069151 0.9768239206433933 0.6893977460072863 0.6871146610903707
0.24854854854854858 0.7145569922301227 0.9819389944275897 0.6903781502805084 0.6909486682142958
0.24924924924924927 0.7247531266190679 0.9862049254172862 0.6915102657826108 0.6948925896546115
0.24994994994994996 0.7350225713347762 0.9895887566965998 0.6928167883537955 0.6989597560903904
0.2506506506506507 0.7453643341214996 0.9920575313496472 0.694320413834264 0.7031634982007047
0.25135135135135134 0.7557773872604785 0.9935782924605445 0.6960438380642183 0.7075171466646263
0.25205205205205206 0.7662606674774729 0.9941180831134085 0.6980097568838604 0.7120340321612281
0.2527527527527528 0.7768130758665679 0.9936439463923551 0.7002408661333915 0.7167274853695816
0.2534534534534535 0.7874334778305384 0.9921229253815012 0.702759861653014 0.7216108369687597
0.2541541541541542 0.7981207030380307 0.9895220631649629 0.7055894392829295 0.7266974176378344
0.2548548548548549 0.8088735453978196 0.985808402826857 0.7087522948633393 0.732000558055877
0.25555555555555554 0.8196907630503925 0.9809489874512997 0.7122711242344455 0.7375335889019606
0.25625625625625625 0.830571078377094 0.9749108601224075 0.7161686232364504 0.7433098408551582
0.256956956956957 0.8415131780270682 0.9676610639242964 0.7204674877095552 0.749342644594541
0.2576576576576577 0.8525157129622194 0.9591666419410833 0.725190413493962 0.7556453307991815
0.2583583583583584 0.8635772985204038 0.9493946372568844 0.7303600964298723 0.7622312301481518
0.25905905905905907 0.8746965144970514 0.9383120929558172 0.7359992323574875 0.7691136733205237
0.2597597597597598 0.8858719052454186 0.9259071702744323 0.7421254788572687 0.7763032126055661
0.26046046046046045 0.8971019797956395 0.9122648601768379 0.748733392373359 0.7837976609807789
0.26116116116116117 0.9083852119927689 0.8974978893023445 0.7558109123157564 0.7915911824057191
0.2618618618618619 0.9197200406539526 0.8817189865705962 0.7633459775504275 0.7996779405399322
0.2625625625625626 0.9311048697448975 0.8650408809012374 0.7713265269433396 0.8080520990429647
0.26326326326326327 0.942538068575762 0.8475763012139126 0.7797404993604586 0.8167078215743612
0.263963963963964 0.9540179720166073 0.8294379764282633 0.7885758336677533 0.8256392717936698
0.26466466466466465 0.965542880732506 0.810738635463936 0.7978204687311894 0.8348406133604349
0.26536536536536537 0.9771110614384351 0.7915910072405715 0.8074623434167354 0.8443060099342043
0.2660660660660661 0.9887207471740133 0.772107820677815 0.8174893965903576 0.8540296251745231
0.2667667667667668 1.0003701375981884 0.7524018046953103 0.8278895671180231 0.8640056227409374
0.2674674674674675 1.0120573993039195 0.7325856882127011 0.838650793865699 0.8742281662929934
0.2681681681681682 1.0237806661529099 0.712772200149633 0.8497610156993516 0.8846914194902364
0.26886886886886885 1.035538039630439 0.6930740694257479 0.8612081714849485 0.8953895459922134
0.26956956956956957 1.0473275892202973 0.6736040249606882 0.8729802000884587 0.9063167094584713
0.2702702702702703 1.0591473527998543 0.6544747956740988 0.8850650403758469 0.9174670735485551
0.270970970970971 1.0709953370552467 0.635799110485624 0.8974506312130814 0.928834801922011
0.2716716716716717 1.0828695179166743 0.6176896983149076 0.9101249114661291 0.9404140582383853
0.2723723723723724 1.094767841013766 0.6002592880815942 0.9230758200009554 0.9521990061572229
0.2730730730730731 1.106688222150983 0.583620608705325 0.9362912956835301 0.9641838093380719
0.27377377377377377 1.1186285478029814 0.5678863891057467 0.9497592773798182 0.9763626314404765
0.2744744744744745 1.1305866756298812 0.5531693582025006 0.9634677039557886 0.9887296361239849
0.2751751751751752 1.1425604350123344 0.539582244915231 0.9774045142774072 1.0012789870481418
0.2758758758758759 1.1545476276063018 0.5272377781635825 0.9915576472106415 1.0140048478724937
0.27657657657657664 1.1665460279174154 0.5162486868671985 1.0059150416214586 1.0269013822565864
0.2772772772772773 1.1785533838947913 0.5067276999457236 1.020464636375824 1.0399627538599652
0.27797797797797796 1.190567417544155 0.4987875463188003 1.0351943703397062 1.053183126342177
0.2786786786786787 1.202585825560102 0.49254095490607236 1.0500921823790739 1.0665566633627692
0.2793793793793794 1.2146062799773283 0.48810065462718394 1.065146011359892 1.0800775285812865
0.2800800800800801 1.2266264288406354 0.4855793744017792 1.0803437961481286 1.0937398856572753
0.28078078078078084 1.2386438968935016 0.48508984314950143 1.0956734756097504 1.1075378982502817
0.2814814814814815 1.2506562862849955 0.4867447897899941 1.111122988610723 1.1214657300198505
0.28218218218218216 1.262661177294801 0.49065694324290154 1.1266802740170152 1.1355175446255288
0.2828828828828829 1.2746561290760952 0.49693903242786736 1.1423332706945948 1.1496875057268643
0.2835835835835836 1.2866386804160126 0.5057037862645356 1.1580699175094282 1.1639697769834016
0.2842842842842843 1.2986063505134233 0.5170639336725498 1.1738781533274822 1.1783585220546868
0.28498498498498503 1.3105566397737196 0.5311322035715536 1.1897459170147238 1.192847904600266
0.2856856856856857 1.3224870306203025 0.5480213248811898 1.205661147437119 1.2074320882796843
0.2863863863863864 1.3343949883224506 0.5678440265211043 1.2216117834606375 1.2221052367524898
0.2870870870870871 1.3462779618392149 0.5907130374109382 1.2375857639512442 1.236861513678227
0.2877877877877878 1.3581333846790113 0.6167410864703384 1.2535710277749075 1.2516950827164435
0.2884884884884885 1.3699586757745161 0.6460409026189474 1.2695555137975942 1.2666001075266844
0.28918918918918923 1.3817512403725059 0.6787252147764085 1.2855271608852714 1.2815707517684962
0.28988988988988995 1.3935084709382326 0.714906751862366 1.301473907903906 1.2966011791014247
0.2905905905905906 1.4052277480739301 0.7546982427964601 1.3173836937194636 1.3116855531850145
0.2912912912912913 1.416906441451035 0.7982030492602905 1.3332446429078533 1.3268179564511347
0.291991991991992 1.4285419107556756 0.8453489405889221 1.3490483612465969 1.3419909486887283
0.2926926926926927 1.4401315066469889 0.8959077389506691 1.364789546239813 1.3571957373963048
0.29339339339339343 1.4516725717278096 0.949645845658499 1.380463002862652 1.372423483065616
0.29409409409409415 1.4631624415272486 1.0063296620253772 1.3960635360902645 1.387665346188414
0.2947947947947948 1.4745984454946799 1.0657255893642674 1.4115859508977993 1.4029124872564498
0.29549549549549553 1.4859779080046476 1.1276000289881436 1.4270250522604084 1.418156066761477
0.2961961961961962 1.4972981493721647 1.1917193822099645 1.442375645153242 1.433387245195246
0.2968968968968969 1.5085564868779135 1.2578500503427061 1.457632534551451 1.4485971830495106
0.29759759759759763 1.5197502358027872 1.3257584346993307 1.472790525430185 1.463777040816022
0.29829829829829835 1.5308767104712562 1.395210936592804 1.4878444227645944 1.4789179789865314
0.298998998998999 1.5419332253029947 1.4659739573360877 1.502789031529828 1.49401115805279
0.29969969969969973 1.552917095872216 1.5378138982421594 1.517619156701039 1.5090477385065526
0.3004004004004004 1.563825639974132 1.610497160623975 1.5323296032533755 1.5240188808395678
0.3011011011011011 1.574656178697981 1.6837901457945121 1.5469151761619895 1.5389157455435907
0.30180180180180183 1.5854060375060097 1.7574592550667314 1.5613706804020304 1.5537294931103711
0.30250250250250255 1.596072547317837 1.8312708897536005 1.5756909209486494 1.5684512840316627
0.30320320320320326 1.6066530455995798 1.9049914511680859 1.5898707027769958 1.5830722787992157
0.3039039039039039 1.6171448774571362 1.978387340623149 1.6039048308622195 1.5975836379047819
0.3046046046046046 1.627545396733009 2.05122495943176 1.6177881101794713 1.6119765218401139
0.3053053053053053 1.6378519671060385 2.123270708906894 1.631515345703903 1.6262420910969648
0.306006006006006 1.64806196319342 2.1942909903615107 1.645081342410664 1.6403715061670856
0.30670670670670674 1.6581727716543655 2.264052205108576 1.6584809052749043 1.6543559275422284
0.30740740740740746 1.6681817922947726 2.332320754461058 1.6717088392717745 1.6681865157141447
0.3081081081081081 1.6780864391722454 2.3988630397319177 1.6847599493764243 1.6818544311745858
0.30880880880880884 1.6878841417008283 2.4634454622341324 1.697629040564005 1.695350834415305
0.3095095095095095 1.6975723457547833 2.525834423280658 1.7103109178096658 1.7086668859280534
0.3102102102102102 1.7071485147707708 2.5857963241844732 1.7228003860885592 1.7217937462045845
0.31091091091091094 1.7166101308477553 2.643097566258536 1.735092250375834 1.7347225757366487
0.31161161161161166 1.7259546958439884 2.697504550815817 1.7471813156466405 1.7474445350159986
0.3123123123123123 1.7351797324703937 2.7487836791692764 1.7590623868761286 1.7599507845343847
0.31301301301301304 1.7442827853796967 2.796701352631889 1.7707302690394497 1.772232484783561
0.3137137137137137 1.7532614222506195 2.8410239725166146 1.782179767111753 1.7842807962552776
0.3144144144144144 1.7621132348664947 2.881517940136428 1.7934056860681906 1.796086879441288
0.31511511511511514 1.770835840187608 2.9179496568042893 1.8044028308839115 1.8076418948333437
0.31581581581581586 1.7794268814166239 2.9500855238331694 1.815166006534067 1.8189370029231973
0.3165165165165166 1.7878840290564184 2.9776919425360324 1.8256900179938065 1.8299633642025994
0.31721721721721724 1.7962049819596613 3.000535314225841 1.8359696702382795 1.8407121391633012
0.3179179179179179 1.804387468369487 3.0183820402155703 1.8459997682426383 1.8511744882970569
0.3186186186186186 1.8124292469505978 3.0309985218181827 1.855775116982033 1.8613415720956177
0.31931931931931934 1.8203281078101419 3.0381511603466445 1.8652905214316124 1.8712045510507347
0.32002002002002006 1.8280818735077249 3.039606357113924 1.874540786566529 1.8807545856541614
0.3207207207207208 1.8356884000539042 3.0351305134329865 1.8835207173619317 1.8899828363976487
0.32142142142142144 1.8431455778965258 3.024490030616799 1.8922251187929697 1.8988804637729473
0.32212212212212216 1.850451332894276 3.0074513099783298 1.9006487958347966 1.9074386282718123
0.3228228228228228 1.8576036272768084 2.9837809781826294 1.9087865574234733 1.9156484969364604
0.32352352352352354 1.8646004605908417 2.9533751725727626 1.9166354888467914 1.923505001387523
0.32422422422422426 1.8714398706315942 2.9164762797975556 1.924198761262964 1.931013137918907
0.324924924924925 1.8781199343589676 2.8733839342818506 1.9314805520489635 1.9381795668860842
0.32562562562562564 1.8846387687978685 2.824397770450495 1.938485038581761 1.9450109486445262
0.32632632632632635 1.8909945319220858 2.7698174227283245 1.9452163982383306 1.9515139435497075
0.327027027027027 1.8971854235211356 2.7099425255401925 1.951678808395644 1.957695211957099
0.32772772772772774 1.9032096860495162 2.6450727133109324 1.9578764464306733 1.9635614142221738
0.32842842842842845 1.909065605457796 2.5755076204653933 1.9638134897203923 1.9691192107004045
0.32912912912912917 1.9147515120049983 2.5015468814284163 1.969494115641772 1.9743752617472627
0.3298298298298299 1.9202657810517383 2.4234901306248475 1.9749225015717862 1.9793362277182218
0.33053053053053055 1.925606833833583 2.3416370024795357 1.9801028248874053 1.984008768968753
0.3312312312312312 1.9307731382141262 2.25628713141732 1.9850392629656037 1.98839954585433
0.33193193193193193 1.9357632094172676 2.167740151863035 1.9897359931833534 1.992515218730425
0.33263263263263265 1.9405756107382093 2.0762956982415313 1.9941971929176265 1.9963624479525093
0.33333333333333337 1.9452089542326971 1.9822534049776526 1.9984270395453954 1.9999478938760564
0.3340340340340341 1.9496619013840386 1.885912906496243 2.002429710443633 2.003278216856539
0.33473473473473475 1.9539331637474504 1.7875738372221526 2.0062093829893106 2.006360077249428
0.33543543543543547 1.9580215035713036 1.6875358315802114 2.0097702345594026 2.0092001354101976
0.33613613613613613 1.9619257343948424 1.5860985239952783 2.01311644253088 2.01180505169432
0.33683683683683685 1.9656447216219786 1.4835615488921792 2.0162521842807157 2.0141814864572662
0.33753753753753757 1.9691773830707668 1.3802245406957674 2.019181637185882 2.0163361000545095
0.3382382382382383 1.9725226894981946 1.2763871338308848 2.021908978623351 2.0182755528415224
0.338938938938939 1.9756796650999247 1.1723489627223762 2.0244383859700967 2.020006505173778
0.33963963963963967 1.9786473879846547 1.068409661795094 2.0267740366030895 2.0215356174067467
0.34034034034034033 1.9814249906227697 0.9648688654738724 2.0289201078993027 2.022869549895903
0.34104104104104105 1.98401166026898 0.8620262081835461 2.030880777235709 2.024014962996718
0.34174174174174177 1.98640663935866 0.7601813243489679 2.032660221989281 2.0249785170646657
0.3424424424424425 1.9886092258776138 0.6596338483949828 2.03426261953699 2.0257668724552165
0.3431431431431432 1.9906187737050172 0.5606834147464319 2.0356921472558103 2.0263866895238443
0.34384384384384387 1.9924346929293004 0.46362965782816823 2.0369529825227124 2.026844628626021
0.3445445445445446 1.9940564501367566 0.3687722120650181 2.0380493027146707 2.0271473501172195
0.34524524524524525 1.9954835686726748 0.2764107118818415 2.0389852852086556 2.027301514352911
0.34594594594594597 1.9967156288748262 0.18684479170346657 2.039765107381641 2.0273137816885693
0.3466466466466467 1.9977522682791324 0.10037408595474617 2.040392946610599 2.0271908124796663
0.3473473473473474 1.9985931817973852 0.017298229060520587 2.0408729802725016 2.0269392670816733
0.34804804804804806 1.9992381218668904 -0.06208314455435682 2.0412093857443216 2.026565805850065
0.3487487487487488 1.9996868985719327 -0.13747040046505798 2.041406340403032 2.026077089140312
0.34944944944944945 1.9999393797369804 -0.20856390424672577 2.0414680216256045 2.025479777307888
0.35015015015015016 1.9999954909915647 -0.2750640214745288 2.041398606789011 2.0247805307082642
0.3508508508508509 1.99985521580679 -0.336671117723617 2.041202273270226 2.0239860096969147
0.3515515515515516 1.9995185955034467 -0.3930855585691473 2.0408831984462203 2.02310287462931
0.3522522522522523 1.998985729231728 -0.44400770958627556 2.040445559693966 2.022137785860923
0.3529529529529529 1.9982567739225556 -0.489137936350152 2.0398935343904365 2.021097403747227
0.35365365365365364 1.9973319442105555 -0.5281766044359473 2.039231299912604 2.019988388643694
0.35435435435435436 1.996211512328732 -0.56082407941881 2.0384630336374414 2.0188174009057964
0.3550550550550551 1.9948958079749148 -0.5868150537806871 2.0375923655880364 2.0175903105537234
0.3557557557557558 1.9933852181500702 -0.6062067722468223 2.0366177825852616 2.016305561234533
0.3564564564564565 1.9916801869685858 -0.6192332094766382 2.035534953432727 2.0149575276034755
0.35715715715715723 1.9897812154406624 -0.6261301503375325 2.034339518069678 2.013540542637963
0.35785785785785784 1.987688861226959 -0.6271333796969016 2.0330271164353606 2.01204893931541
0.35855855855855856 1.9854037383656602 -0.6224786824221451 2.031593388469019 2.0104770506132295
0.3592592592592593 1.9829265169721548 -0.6124018433806597 2.0300339741099007 2.0088192095088346
0.35995995995996 1.9802579229115282 -0.5971386474398424 2.0283445132972497 2.0070697489796396
0.3606606606606607 1.9773987374440953 -0.5769248794670896 2.026520645970312 2.005223002003057
0.36136136136136143 1.9743497968442134 -0.5519963243298014 2.024558012068333 2.0032733015565007
0.36206206206206204 1.9711119919926392 -0.5225887668953781 2.022452251530559 2.0012149806173842
0.36276276276276276 1.9676862679427036 -0.4889379920312087 2.020199004296234 1.99904237216312
0.3634634634634635 1.964073623460606 -0.45127978460469564 2.0177939103046043 1.996749809171122
0.3641641641641642 1.9602751105401348 -0.4098499294832354 2.015232609494916 1.994331624618804
0.3648648648648649 1.956291833892147 -0.3648842115342261 2.0125107418064134 1.9917821514835785
0.36556556556556563 1.9521249504091545 -0.3166184156250651 2.0096239471783424 1.9890957227428592
0.36626626626626635 1.9477756686053809 -0.2652883266231505 2.0065678655499486 1.98626667137406
0.36696696696696696 1.9432452480326652 -0.21112972939588803 2.003338136860479 1.9832893303545938
0.3676676676676677 1.9385349986726057 -0.1543784088106579 1.9999304010491765 1.980158032661874
0.3683683683683684 1.9336462803053687 -0.09527014973486603 1.9963402980552878 1.976867111273314
0.3690690690690691 1.9285805018555657 -0.034040737035910595 1.9925634678180586 1.9734108991663273
0.36976976976976983 1.9233391207156572 0.029074044418811562 1.988595550276734 1.9697837293183267
0.37047047047047055 1.9179236420473311 0.09383840976190272 1.98443218537056 1.9659799347067262
0.37117117117117115 1.9123356180613256 0.1600165741259547 1.9800690130387824 1.9619938483089399
0.3718718718718719 1.9065766472761725 0.2273727526435907 1.9755016732206452 1.9578198031023795
0.3725725725725726 1.9006483737563735 0.2956711604474036 1.9707258058553947 1.953452132064459
0.3732732732732733 1.8945524863304963 0.3646760126699946 1.9657370508822773 1.9488851681725923
0.373973973973974 1.8882907177897246 0.43415152444396754 1.9605310482405374 1.9441132444041924
0.37467467467467475 1.8818648440673902 0.503861910901924 1.9551034378694205 1.9391306937366726
0.37537537537537535 1.8752766834000325 0.5735713871764556 1.949449859708173 1.9339318491474469
0.37607607607607607 1.8685280954705332 0.6430441684001873 1.94356595369604 1.9285110436139279
0.3767767767767768 1.8616209805339046 0.7120444697057099 1.937447359772266 1.9228626101135284
0.3774774774774775 1.854557278526291 0.7803365062256266 1.9310897178760977 1.916980881623663
0.3781781781781782 1.847338968157777 0.847684493092539 1.92448866794678 1.910860191121745
0.37887887887887894 1.8399680659895945 0.9138526454390504 1.9176398499235587 1.904494871585187
0.37957957957957966 1.832446625496328 0.9786051783977625 1.9105389037456795 1.8978792559914028
0.38028028028028027 1.8247767361137308 1.0417063071012687 1.9031814693523883 1.8910076773178068
0.380980980980981 1.8169605222727627 1.1029202466821908 1.895563186682929 1.8838744685418107
0.3816816816816817 1.809000142420489 1.1620112122731214 1.8876796956765483 1.876473962640828
0.3823823823823824 1.8008977880284502 1.218743419006663 1.879526636272491 1.868800492592273
0.38308308308308314 1.792655682589156 1.2728810820154184 1.8710996484100033 1.8608483913735583
0.38378378378378386 1.784276080601336 1.3241884164319893 1.8623943720283305 1.8526119919620978
0.38448448448448447 1.775761266544601 1.3724296373889715 1.8534064470667193 1.8440856273353061
0.3851851851851852 1.7671135538441534 1.4173689600189832 1.8441315134644132 1.8352636304705945
0.3858858858858859 1.7583352838262258 1.458770599454617 1.8345652111606578 1.8261403343453764
0.3865865865865866 1.749428824664876 1.4964006892906507 1.8247032540770807 1.8167101538691794
0.38728728728728734 1.7403965703208193 1.530154101442098 1.814546320719768 1.806973002002415
0.38798798798798806 1.7312409394729595 1.5601335113957635 1.8041031032024217 1.7969376664104775
0.38868868868868867 1.7219643744432758 1.5864604716350503 1.7933830215994924 1.7866137409420935
0.3893893893893894 1.7125693401157311 1.6092565346433725 1.7823954959854253 1.7760108194459838
0.3900900900900901 1.7030583228498886 1.6286432529041321 1.771149946434672 1.765138495770875
0.3907907907907908 1.6934338293898712 1.644742178900737 1.7596557930216823 1.754006363765492
0.39149149149149154 1.6836983857693546 1.6576748651165922 1.7479224558209046 1.7426240172785592
0.39219219219219226 1.6738545362132515 1.6675628640351052 1.735959354906789 1.731001050158802
0.392892892892893 1.6639048420367473 1.6745277281396818 1.7237759103537842 1.7191470562549447
0.3935935935935936 1.653851880542359 1.6786910099137289 1.7113815422363423 1.7070716294157144
0.3942942942942943 1.643698243915658 1.680174261840654 1.698785670628908 1.6947843634898314
0.394994994994995 1.6334465381203453 1.6790990364038632 1.6859977156059331 1.6822948523260228
0.39569569569569574 1.6230993817932942 1.675586886086763 1.6730270972418677 1.6696126897730141
0.39639639639639646 1.612659405140237 1.669759363372759 1.6598832356111595 1.6567474696795286
0.3970970970970972 1.6021292488327294 1.6617380207452597 1.646575550788259 1.6437087858942925
0.3977977977977978 1.5915115629070358 1.6516444106876715 1.633113462847617 1.6305062322660315
0.3984984984984985 1.5808090056655586 1.639600085683399 1.6195063918636792 1.6171494026434672
0.3991991991991992 1.570024242581468 1.62572659821585 1.6057637579108968 1.6036478908753258
0.39989989989989994 1.559159945207117 1.6101455007684298 1.5918949810637186 1.5900112908103319
0.40060060060060065 1.5482187900868845 1.5929783458245474 1.5779094813965955 1.5762491962972112
0.40130130130130137 1.5372034576750448 1.5743466858676076 1.5638166789839758 1.5623712011846878
0.402002002002002 1.5261166312592658 1.5543720733810207 1.5496259939003112 1.5483868993214887
0.4027027027027027 1.5149609958903185 1.533176060848187 1.5353468462200464 1.5343058845563344
0.4034034034034034 1.5037392373186096 1.5108802007525157 1.5209886560176331 1.5201377507379519
0.40410410410410413 1.4924540409380738 1.4876060455774145 1.506560843367521 1.5058920917150664
0.40480480480480485 1.4811080907380234 1.463475147806289 1.4920728283441598 1.4915785013364018
0.40550550550550557 1.469704068263495 1.438609059922546 1.4775340310219975 1.4772065734506836
0.4062062062062063 1.4582446515846454 1.413129334409592 1.4629538714754848 1.462785901906636
0.4069069069069069 1.4467325142757346 1.3871575237508385 1.4483417697790726 1.4483260805529867
0.4076076076076076 1.4351703244042069 1.3608151804296824 1.4337071460072055 1.4338367032384554
0.40830830830830833 1.4235607435304165 1.3342238569295355 1.4190594202343356 1.4193273638117692
0.40900900900900905 1.4119064257184606 1.3075051057338039 1.4044080125349128 1.4048076561216531
0.40970970970970977 1.4002100165586404 1.2807804793258946 1.3897623429833854 1.3902871740168319
0.4104104104104105 1.3884741522020183 1.2541715301892138 1.3751318316542036 1.3757755113460306
0.4111111111111111 1.376701458407543 1.2277998108071724 1.3605258986218187 1.3612822619579756
0.4118118118118118 1.3648945496021851 1.2017868736631687 1.345953963960675 1.3468170197013878
0.41251251251251253 1.3530560279545543 1.1762542712406132 1.3314254477452252 1.3323893784249936
0.41321321321321325 1.3411884824623892 1.1513235560229127 1.3169497700499175 1.3180089319775183
0.41391391391391397 1.329294488054366 1.1271162804934733 1.302536350949202 1.3036852742076865
0.4146146146146147 1.3173766047066144 1.1037539971357027 1.288194610517528 1.289427998964223
0.4153153153153153 1.3054373765743368 1.08135825843301 1.273933968829347 1.2752467000958547
0.416016016016016 1.2934793311388924 1.0600506168687946 1.2597638459591038 1.261150971451302
0.41671671671671673 1.2815049783707375 1.0399526249264677 1.2456936619812502 1.2471504068792922
0.41741741741741745 1.2695168099085319 1.0211858350894347 1.2317328369702354 1.2332546002285496
0.41811811811811816 1.2575172982547704 1.0038717998411029 1.2178907910005086 1.2194731453477994
0.4188188188188189 1.2455088959882492 0.9881091207095509 1.2041755111734482 1.2058141846118078
0.4195195195195196 1.233494034993675 0.9738756542468778 1.190587445719105 1.1922782241908467
0.4202202202202202 1.2214751257087009 0.9611096895581992 1.1771245724219548 1.178863267914085
0.4209209209209209 1.209454556388664 0.94974949279767 1.1637848676334976 1.165567318159213
0.42162162162162165 1.1974346923893036 0.9397333301194508 1.150566307705237 1.1523883773039265
0.42232232232232236 1.1854178754676707 0.9309994676777001 1.1374668689886749 1.139324447725918
0.4230230230230231 1.173406423101493 0.923486171626577 1.1244845278353144 1.126373531802882
0.4237237237237238 1.1614026278271887 0.9171317081202394 1.1116172605966579 1.113533631912512
0.4244244244244244 1.1494087565967468 0.911874343312847 1.098863043624209 1.100802750432503
0.4251251251251251 1.1374270501536368 0.9076523433585568 1.0862198532694667 1.0881788897405453
0.42582582582582584 1.125459722427954 0.9044039744115284 1.0736856658839353 1.0756600522143343
0.42652652652652656 1.1135089599509176 0.9020675026259202 1.0612584578191167 1.0632442402315632
0.4272272272272273 1.1015769212888895 0.9005811941558907 1.0489362054265137 1.0509294561699258
0.427927927927928 1.0896657364970286 0.8998833151555987 1.0367168850576283 1.038713702407116
0.4286286286286287 1.0777775065926982 0.8999121317792029 1.024598473063963 1.026594981320827
0.4293293293293293 1.0659143030487188 0.9006059101808616 1.012578945797022 1.0145712952887544
0.43003003003003004 1.054078167306544 0.9019029165147334 1.0006562796083038 1.0026406466885878
0.43073073073073076 1.0422711103094493 0.9037414169349777 0.9888284508493133 0.9908010378980233
0.4314314314314315 1.0304951120557566 0.9060596775957521 0.9770934358715518 0.9790504712947541
0.4321321321321322 1.0187521211721533 0.9087959646512157 0.9654492110265224 0.9673869492564733
0.4328328328328329 1.0070440545071278 0.911888544255527 0.953893752665727 0.9558084741608752
0.4335335335335335 0.9953727967445305 0.9152756825628441 0.9424250371406697 0.9443130483856548
0.43423423423423424 0.9837402000372484 0.9188956457273267 0.9310410408028497 0.9328986743085024
0.43493493493493496 0.9721480836610044 0.9226866999031329 0.919739740003771 0.9215633543071131
0.4356356356356357 0.9605982336882131 0.9265871112444211 0.9085191110949355 0.9103050907591804
0.4363363363363364 0.9490924026818794 0.9305351459053501 0.897377130427846 0.8991218860423984
0.4370370370370371 0.937632309409468 0.9344690700400785 0.8863117743540048 0.88801174253446
0.4377377377377377 0.9262196385766823 0.9383271498027643 0.8753210192249159 0.8769726626130612
0.43843843843843844 0.9148560405810569 0.9420476513475671 0.8644028413920781 0.8660026486558916
0.43913913913913916 0.9035431312852948 0.9455688408286455 0.8535552172069958 0.8550997030406469
0.4398398398398399 0.8922824918102094 0.9488289844001574 0.842776123021171 0.8442618281450204
0.4405405405405406 0.8810756683471739 0.9517663482162618 0.8320635351861059 0.8334870263467056
0.4412412412412413 0.8699241719899403 0.9543191984311172 0.8214154300533034 0.8227733000233965
0.44194194194194203 0.8588294785856856 0.9564258011988822 0.8108297839742653 0.8121186515527865
0.44264264264264264 0.8477930286051303 0.9580244226737152 0.8003045733004961 0.8015210833125705
0.44334334334334335 0.8368162270315571 0.9590533290097754 0.7898377743834943 0.7909785976804393
0.4440440440440441 0.825900443268578 0.9594507863612209 0.7794273635747643 0.7804891970340878
0.4447447447447448 0.8150470110664266 0.9591550608822107 0.7690713172258083 0.7700508837512099
0.4454454454454455 0.8042572284666085 0.9581044187269031 0.7587676116881286 0.7596616602094987
0.4461461461461462 0.7935323577646889 0.9562371260494564 0.7485142233132275 0.7493195287866481
0.44684684684684683 0.7828736254910069 0.9534914490040303 0.7383091284526091 0.7390224918603534
0.44754754754754755 0.7722822224090782 0.9498056537447822 0.7281503034577725 0.7287685518083047
0.44824824824824827 0.7617593035314775 0.9451180064258716 0.7180357246802218 0.7185557110081975
0.448948948948949 0.7513059881529244 0.9393667732014565 0.707963368471459 0.7083819718377251
0.4496496496496497 0.7409233599003424 0.9324902202256954 0.6979312111829865 0.6982453366745811
0.4503503503503504 0.7306124667996238 0.9244290183749694 0.6879373401892634 0.6881439255330773
0.45105105105105103 0.7203743213588327 0.9151791471367666 0.6779823963927523 0.6780785640697404
0.45175175175175175 0.7102099006675647 0.9047918946096761 0.6680695742239119 0.6680527835833057
0.45245245245245247 0.7001201465121979 0.8933209536145142 0.6582021791361632 0.6580702330091317
0.4531531531531532 0.6901059655067204 0.8808200169720956 0.6483835165829253 0.6481345612825751
0.4538538538538539 0.680168229238856 0.8673427775032343 0.6386168920176172 0.6382494173389925
0.4545545545545546 0.6703077744311797 0.8529429280287453 0.6289056108936582 0.6284184501137409
0.45525525525525534 0.6605254031169144 0.837674161369443 0.6192529786644672 0.6186453085421769
0.45595595595595595 0.6508218828300945 0.8215901703461443 0.609662300783465 0.6089336415596587
0.45665665665665667 0.6411979468097715 0.8047446477796589 0.6001368827040674 0.5992870981015398
0.4573573573573574 0.6316542942179572 0.7871912864908039 0.5906800298796953 0.5897093271031788
0.4580580580580581 0.6221915903709455 0.7689837793003935 0.5812950477637675 0.5802039774999321
0.4587587587587588 0.6128104669837027 0.7501758190292426 0.5719852418097036 0.5707746982271567
0.45945945945945954 0.6035115224269797 0.7308210984981651 0.5627539174709221 0.5614251382202089
0.46016016016016015 0.5942953219968095 0.7109733105279796 0.5536043802008439 0.5521589464144474
0.46086086086086087 0.585162398196033 0.690686147939494 0.5445399354528853 0.5429797717452258
0.4615615615615616 0.5761132510275337 0.6700133035535253 0.5355638886804663 0.533891263147902
0.4622622622622623 0.5671483482987957 0.6490084701908889 0.5266795453370067 0.5248970695578332
0.462962962962963 0.5582681259374608 0.6277253406723988 0.517890210875925 0.5160008399103756
0.46366366366366374 0.5494729883175166 0.6062176078188702 0.509199190750641 0.5072062231408865
0.46436436436436435 0.540763308595764 0.5845389644511201 0.5006097904145745 0.4985168681847236
0.46506506506506506 0.5321394290582008 0.5627431033899568 0.492125315321142 0.48993642397724085
0.4657657657657658 0.5236016614759782 0.5408837174561982 0.4837490709237643 0.48146853945379653
0.4664664664664665 0.5151502874705475 0.5190144994706587 0.47548436267586003 0.4731168635497473
0.4671671671671672 0.506785558887656 0.497189142254153 0.4673344960308487 0.46488504520044993
0.46786786786786794 0.4985076981798227 0.4754613386274953 0.4593027764421491 0.45677673334126095
0.46856856856856866 0.49031689879693496 0.4538847814115005 0.4513925093631807 0.44879557690753735
0.46926926926926926 0.48221332558460955 0.4325131634269863 0.44360700024736355 0.44094522483463694
0.46996996996997 0.4741971151899468 0.4114001774947604 0.43594955454811424 0.43322932605791387
0.4706706706706707 0.46626837647434227 0.39059951643564084 0.42842347771885325 0.4256515295127262
0.4713713713713714 0.4584271909329708 0.37016487307044227 0.4210320752129997 0.4182154841344307
0.47207207207207214 0.4506736131206059 0.35014994021997914 0.41377865248397266 0.4109248388583841
0.47277277277277285 0.44300767108341277 0.3306084107050658 0.406666514985191 0.403783242619943
0.47347347347347346 0.4354293667963647 0.31159397734651995 0.3996989681700753 0.39679434435446526
0.4741741741741742 0.427938676605925 0.29316033296515 0.3928793174920422 0.3899617929973054
0.4748748748748749 0.42053555167766415 0.2753611703817735 0.38621086840451196 0.3832892374838213
0.4755755755755756 0.4132199184484417 0.2582501824172052 0.3796969263609037 0.3767803267493697
0.47627627627627633 0.4059916790828308 0.24188106189225944 0.3733407968146366 0.3704387097293072
0.47697697697697705 0.3988507119334341 0.22630750162775082 0.36714578521912955 0.36426803535899066
0.47767767767767777 0.3917968720047598 0.21158319444449372 0.36111519702780187 0.35827195257377664
0.4783783783783784 0.38482999142032404 0.197761833163305 0.35525233769407344 0.35245411030902285
0.4790790790790791 0.3779498798926419 0.18489711060499478 0.3495605126713616 0.34681815750008427
0.4797797797797798 0.3711563251958012 0.17304271959037965 0.3440430274130863 0.3413677430823183
0.48048048048048053 0.3644490936402734 0.1622523529402745 0.3387031873726667 0.336106515991082
0.48118118118118125 0.35782793054966083 0.15257970347549346 0.3335442980035219 0.3310381251617318
0.48188188188188197 0.35129256073906073 0.14407845188073476 0.32856966374850183 0.32616621837411375
0.4825825825825826 0.3448426889947408 0.13678135617570397 0.3237808468293815 0.32149245130752363
0.4832832832832833 0.3384780005548145 0.13065732627074716 0.31917409286405846 0.3170124004991442
0.483983983983984 0.33219816159063364 0.12566313595962858 0.314744636901363 0.3127204869754
0.48468468468468473 0.3260028196885841 0.12175555903611127 0.31048771399012476 0.30861113176271504
0.48538538538538545 0.31989160433200964 0.11889136929395816 0.30639855917917336 0.30467875588751314
0.48608608608608617 0.313864127382977 0.11702734052693214 0.30247240751733817 0.30091778037621797
0.4867867867867868 0.30791998356360173 0.1161202465287963 0.2987044940534495 0.2973226262552542
0.4874874874874875 0.30205875093666135 0.11612686109331341 0.2950900538363358 0.29388771455104457
0.4881881881881882 0.2962799913852388 0.11700395801424657 0.2916243219148271 0.2906074662900133
0.48888888888888893 0.2905832510911184 0.11870831108535868 0.28830253333775313 0.2874763024985844
0.48958958958958965 0.2849680610116918 0.12119669410041284 0.28511992315394324 0.28448864420318176
0.49029029029029036 0.2794339373551195 0.124425880853172 0.2820717264122272 0.2816389124302292
0.4909909909909911 0.27398038205350356 0.12835264513739905 0.2791531781614346 0.27892152820615057
0.4916916916916917 0.26860688323383675 0.13293376074685634 0.2763595134503952 0.2763309125573701
0.4923923923923924 0.26331291568649007 0.13812600147530807 0.273685967327938 0.2738614865103109
0.4930930930930931 0.2580979413310267 0.1438861411165167 0.2711277748428929 0.2715076710913974
0.49379379379379384 0.2529614096791055 0.15017095346424517 0.26868017104408937 0.2692638873270531
0.49449449449449456 0.2479027582942755 0.1569372123122563 0.26633839098035705 0.26712455624370207
0.4951951951951953 0.24292141324844804 0.16414169145431334 0.2640976697005256 0.2650840988677683
0.4958958958958959 0.23801678957484912 0.17174116468417777 0.2619532422534248 0.26313693622567574
0.4965965965965966 0.23318829171725344 0.1796924057956152 0.2599003436878837 0.26127748934384776
0.4972972972972973 0.2284353139753236 0.18795218858238721 0.257934209052732 0.2595001792487085
0.49799799799799804 0.22375724094585947 0.1964772868382569 0.2560500733967995 0.25779942696668184
0.49869869869869876 0.21915344795979358 0.20522447435698715 0.25424317176891564 0.25616965352419163
0.4993993993993995 0.21462330151476033 0.21415052493234105 0.25250873921791 0.2546052799476617
0.5001001001001001 0.21016615970307892 0.22321221235807998 0.2508420107926125 0.25310072726351623
0.5008008008008008 0.2057813726349911 0.23236631042796987 0.2492382215418521 0.25165041649817854
0.5015015015015015 0.2014682828570143 0.2415695929357723 0.24769260651445862 0.2502487686780728
0.5022022022022022 0.19722622576525503 0.2507788336752501 0.2462004007592617 0.24889020482962282
0.502902902902903 0.19305453001355682 0.2599508064401663 0.24475683932509085 0.24756914597925245
0.5036036036036037 0.1889525179163477 0.269042285024284 0.24335715726077578 0.24628001315338555
0.5043043043043044 0.18491950584606734 0.2780100432213661 0.24199658961514592 0.2450172273784461
0.505005005005005 0.18095480462505434 0.286810854825174 0.24067037143703107 0.243775209680858
0.5057057057057057 0.1770577199117818 0.2954014936294737 0.23937373777526047 0.2425483810870449
0.5064064064064064 0.17322755258134429 0.30373873342802676 0.2381019236786639 0.24133116262343077
0.5071071071071072 0.16946359910008632 0.31177934801459584 0.23685016419607074 0.24011797531643936
0.5078078078078079 0.1657651518942893 0.31948011118294434 0.23561369437631083 0.2389032401924947
0.5085085085085086 0.16213149971282628 0.326797796726835 0.23438774926821357 0.2376813782780206
0.5092092092092092 0.15856192798370627 0.33368917844002965 0.2331675639206088 0.2364468105994411
0.5099099099099099 0.1550557191644299 0.3401110301162936 0.23194837338232566 0.2351939581831797
0.5106106106106106 0.15161215308609652 0.3460201255493886 0.23072541270219396 0.23391724205566042
0.5113113113113114 0.14823050729118864 0.3513732385330778 0.2294939169290433 0.2326110832433072
0.5120120120120121 0.1449100573649845 0.3561271428611239 0.22824912111170315 0.23126990277254386
0.5127127127127128 0.1416500772605454 0.36023861232728993 0.22698626029900315 0.2298881216697942
0.5134134134134134 0.13844983961723084 0.36366442072533856 0.2257005695397731 0.22846016096148244
0.5141141141141141 0.13530861607269973 0.3663648994836447 0.22438752770037623 0.22698081026087397
0.5148148148148148 0.13222567756836837 0.36833954352649284 0.2230452976628346 0.2254489166944038
0.5155155155155156 0.12920029464828664 0.36961211031915775 0.22167370510863155 0.2238658410961643
0.5162162162162163 0.12623173775141383 0.3702067188880022 0.22027260049833638 0.222232981759592
0.516916916916917 0.12331927749727256 0.3701474882593886 0.21884183429251802 0.22055173697812347
0.5176176176176177 0.12046218496496482 0.36945853745967994 0.21738125695174582 0.21882350504519543
0.5183183183183183 0.11765973196554219 0.3681639855152388 0.21589071893658912 0.21704968425424465
0.519019019019019 0.11491119130772165 0.3662879514524277 0.21437007070761654 0.21523167289870726
0.5197197197197198 0.11221583705695273 0.3638545542976094 0.21281916272539758 0.21337086927202012
0.5204204204204205 0.10957294478783143 0.3608879130771463 0.21123784545050123 0.2114686716676198
0.5211211211211212 0.10698179182987612 0.35741214681740135 0.20962596934349675 0.20952647837894292
0.5218218218218219 0.10444165750667479 0.3534513745447372 0.20798338486495332 0.2075456876994261
0.5225225225225225 0.10195182336842203 0.349029715285517 0.20630994247544032 0.20552769792250625
0.5232232232232232 0.0995115734178638 0.3441712880661022 0.20460549263552627 0.20347390734161924
0.523923923923924 0.09712019432968129 0.33890021191285596 0.20286988580578072 0.20138571425020213
0.5246246246246247 0.0947769756633342 0.33324060585214116 0.20110297244677272 0.19926451694169145
0.5253253253253254 0.09248121006940298 0.3272165889103203 0.19930460301907155 0.1971117137095239
0.5260260260260261 0.0902321934894623 0.3208522801137561 0.19747462798324633 0.19492870284713593
0.5267267267267267 0.08802922534952774 0.3141717984888122 0.19561289779986632 0.19271688264796455
0.5274274274274274 0.08587160874711566 0.3071992630618493 0.19371926292950037 0.1904776514054457
0.5281281281281281 0.08375865063196859 0.299958792859231 0.19179357383271778 0.1882124074130164
0.5288288288288289 0.08168966198048816 0.29247450690731985 0.18983568097008757 0.18592254896411303
0.5295295295295296 0.07966395796393376 0.2847705242324787 0.18784543480217913 0.18360947435217237
0.5302302302302303 0.0776808581104404 0.2768709638610701 0.18582268578956146 0.181274581870631
0.530930930930931 0.0757396864609146 0.2687999448194567 0.18376728439280382 0.17891926981292547
0.5316316316316316 0.07383977171886927 0.26058158613400245 0.18167908107247557 0.1765449364724928
0.5323323323323323 0.07198044739426003 0.2522400068310674 0.1795579262891453 0.1741529801427688
0.5330330330330331 0.07016105194139337 0.24379932593701562 0.1774036705033824 0.17174479911719048
0.5337337337337338 0.06838092889096938 0.23528366247820962 0.17521616417575614 0.16932179168919442
0.5344344344344345 0.066639426976334 0.22671713548101222 0.17299525776683558 0.16688535615221733
0.5351351351351352 0.06493590025401232 0.21812386397178585 0.17074080173718986 0.1644368907996956
0.5358358358358358 0.06326970821859831 0.20952796697689477 0.16845264654738862 0.16197779392506645
0.5365365365365365 0.06164021591207655 0.2009535635226986 0.16613064265800007 0.15950946382176548
0.5372372372372373 0.060046794027658036 0.19242477263556165 0.16377464052959395 0.15703329878322986
0.537937937937938 0.05848881900820594 0.18396571334184644 0.16138449062273924 0.15455069710289607
0.5386386386386387 0.05696567313933676 0.17560050466791566 0.15896004339800524 0.1520630570742008
0.5393393393393394 0.055476744637279356 0.16735326564013203 0.15650114931596099 0.1495717769905807
0.5400400400400401 0.054021427731576366 0.15924811528485805 0.15400765883717568 0.1470782551454722
0.5407407407407407 0.05259912274271499 0.15130917262845772 0.15147942242221885 0.1445838898323124
0.5414414414414415 0.051209236154773054 0.14356055669729112 0.14891629053165883 0.1420900793445371
0.5421421421421422 0.04985118068317216 0.1360263865177223 0.14631811362606528 0.13959822197558333
0.5428428428428429 0.04852437533762284 0.12873078111611377 0.1436847421660072 0.13710971601888763
0.5435435435435436 0.047228245480355716 0.12169785951882832 0.14101602661205384 0.13462595976788666
0.5442442442442443 0.04596222287972828 0.11495174075222842 0.1383118174247743 0.13214835151601695
0.5449449449449449 0.04472574575929976 0.10851654384267793 0.13557196506473823 0.1296782895567156
0.5456456456456457 0.043518258842465324 0.10241627414695978 0.13279633095923304 0.12721717037532596
0.5463463463463464 0.04233921339274574 0.09666383950310165 0.12998584721227519 0.12476621393380413
0.5470470470470471 0.041188067249821964 0.09125189351440077 0.1271434000347618 0.12232631801883188
0.5477477477477478 0.0400642848614116 0.08617093427216478 0.12427208359907849 0.11989834613030222
0.5484484484484485 0.03896733731108006 0.08141145986770136 0.12137499207761118 0.11748316176810822
0.5491491491491491 0.03789670234208139 0.07696396839231891 0.1184552196427461 0.11508162843214333
0.5498498498498499 0.03685186437732172 0.07281895793732365 0.11551586046686813 0.11269460962229977
0.5505505505505506 0.03583231453554322 0.06896692659402402 0.11256000872236346 0.11032296883847101
0.5512512512512513 0.03483755064381875 0.0653983724537277 0.10959075858161796 0.1079675695805501
0.551951951951952 0.033867077246454914 0.06210379360774233 0.10661120421701742 0.10562927534843007
0.5526526526526527 0.032920405610396185 0.059073688147375646 0.10362443980094761 0.10330894964200399
0.5533533533533534 0.03199705372722462 0.05629855416393529 0.10063355950579436 0.10100745596116492
0.5540540540540541 0.03109654631184858 0.05376888974872933 0.09764165750394391 0.09872565780580622
0.5547547547547548 0.03021841479797347 0.05147519299306465 0.09465182796778114 0.09646441867582028
0.5554554554554555 0.02936219733044895 0.049407961988249344 0.0916671650696923 0.09422460207110045
0.5561561561561562 0.02852743875458245 0.04755769482559109 0.0886907629820632 0.09200707149153982
0.5568568568568569 0.02771369060251296 0.04591488959639758 0.08572571587727963 0.08981269043703141
0.5575575575575576 0.026920511076735234 0.04447004439197647 0.08277511792772738 0.08764232240746829
0.5582582582582583 0.026147465030865614 0.043213657303635654 0.07984206330579276 0.08549683090274385
0.558958958958959 0.025394123947738264 0.042136226422682374 0.07692964618386054 0.08337707942275042
0.5596596596596597 0.02466006591492288 0.04122824984042456 0.0740409607343171 0.08128393146738143
0.5603603603603604 0.02394487559774977 0.040480225648169874 0.07117910112954816 0.07921825053652995
0.5610610610610611 0.0232481442099314 0.039882651937225996 0.06834716154193955 0.07718090013008898
0.5617617617617618 0.022569469481866583 0.0394260267989006 0.06554823614387705 0.07517274374795155
0.5624624624624625 0.02190845562671253 0.039100848324501426 0.0627854191077469 0.0731946448900111
0.5631631631631632 0.02126471330430957 0.03889761460533602 0.060061804605934035 0.07124746705615997
0.5638638638638639 0.02063785958304298 0.03880682373271216 0.05738048681082467 0.06933207374629159
0.5645645645645646 0.020027517899722815 0.0388189737979375 0.05474455989480463 0.06744932846029898
0.5652652652652653 0.019433318017564795 0.03892456289231972 0.052157118030259686 0.06560009469807516
0.565965965965966 0.01885489598235183 0.039114089107166496 0.04962125538957565 0.06378523595951323
0.5666666666666668 0.018291894076855643 0.039378050533785534 0.047140066145138326 0.06200561574450622
0.5673673673673674 0.017743960773596662 0.03970694526348443 0.04471664446933389 0.06026209755294743
0.5680680680680681 0.01721075068601834 0.040091271387570966 0.042354084534547344 0.058555544884729374
0.5687687687687688 0.016691924518153323 0.040521526997352786 0.04005548051316492 0.0568868212397454
0.5694694694694695 0.016187149012853494 0.04098821018413758 0.03782392657757237 0.05525679011788852
0.5701701701701702 0.01569609689865889 0.041481819039233 0.035662516900155525 0.05366631501905181
0.570870870870871 0.015218446835376686 0.04199285165394675 0.03357434565330017 0.0521162594431283
0.5715715715715716 0.014753883358440795 0.0425118061195864 0.03156250700939243 0.05060748689001129
0.5722722722722723 0.01430209682212122 0.043029180527459805 0.02963009514081744 0.04914086085959332
0.572972972972973 0.01386278334165193 0.04353547296887458 0.02778020421996133 0.04771724485176772
0.5736736736736737 0.013435644734342594 0.04402118153513839 0.02601592841920991 0.04633750236642752
0.5743743743743744 0.01302038845974034 0.04447680431755893 0.02434036191094898 0.04500249690346579
0.5750750750750752 0.01261672755890524 0.044892839407443846 0.022756598867564308 0.04371309196277552
0.5757757757757758 0.012224380592861859 0.045259784896100774 0.02126773346144196 0.04247015104425002
0.5764764764764765 0.011843071580287997 0.04556813887483752 0.01987685986496724 0.04127453764778191
0.5771771771771772 0.011472529934501053 0.04580839943496172 0.018587072250526186 0.040127115273264444
0.5778778778778779 0.01111249039979932 0.04597239112608609 0.017400825232011058 0.039028538458386206
0.5785785785785786 0.01076269298721613 0.04605996125956508 0.01631670520869026 0.0379781978835603
0.5792792792792794 0.010422882909742148 0.0460739579710015 0.01533185171744053 0.03697501149752951
0.5799799799799801 0.010092810517069957 0.04601723461751364 0.01444340177755888 0.036017896426470714
0.5806806806806807 0.009772231229914071 0.04589264455621976 0.013648492408342462 0.035105769796560944
0.5813813813813814 0.009460905473957464 0.04570304114423809 0.01294426062908803 0.03423754873397679
0.5820820820820821 0.009158598613475458 0.04545127773868688 0.012327843459092743 0.033412150364895275
0.5827827827827828 0.008865080884684703 0.0451402076966844 0.011796377917653622 0.032628491815493293
0.5834834834834836 0.008580127328865478 0.04477268437534888 0.011347001024067677 0.03188549021194771
0.5841841841841843 0.00830351772530288 0.044351561131798625 0.010976849797631924 0.031182062680435434
0.5848848848848849 0.008035036524091847 0.043879691323151906 0.010683061257643435 0.030517126347133404
0.5855855855855856 0.007774472778848879 0.04335992830652687 0.010462772423399125 0.029889598338218335
0.5862862862862863 0.007521620079373255 0.04279512543904184 0.010313120314196064 0.029298395779867197
0.586986986986987 0.007276276484297477 0.042188136077815054 0.010231241949331282 0.02874243579825688
0.5876876876876878 0.0070382444537670265 0.04154181357996478 0.010214274348101788 0.028220635519564254
0.5883883883883885 0.006807330782187139 0.040859011302609265 0.010259354529804603 0.027731912069966214
0.5890890890890892 0.006583346531073514 0.04014258260286676 0.010363619513736738 0.027275182575639628
0.5897897897897898 0.006366106962042401 0.03939538083785567 0.010524206319195194 0.026849364162761458
0.5904904904904905 0.0061554314699742855 0.038620259364693973 0.010738251965477027 0.026453373957508443
0.5911911911911912 0.005951143516384474 0.03782007154050005 0.011002893471879244 0.02608612908605753
0.591891891891892 0.005753070563031853 0.03699767072239217 0.011315267857698865 0.025746546674585605
0.5925925925925927 0.005561044005796792 0.036155910267488586 0.011672512142232904 0.02543354384926955
0.5932932932932934 0.00537489910885745 0.035297643532907534 0.012071763344778382 0.02514603773628625
0.593993993993994 0.00519447493919268 0.034425723875767436 0.012510158484632236 0.024882945461812626
0.5946946946946947 0.005019614301438425 0.03354300465318625 0.012984834581091634 0.024643184152025474
0.5953953953953954 0.004850163673123929 0.03265233922228236 0.01349292865345352 0.024425670933101707
0.5960960960960962 0.004685973140311941 0.031756580940174056 0.014031577721014914 0.02422932293121823
0.5967967967967969 0.004526896333667047 0.030858583163979564 0.01459791880307284 0.024053057272551907
0.5974974974974976 0.00437279036497449 0.029961199250817142 0.015189088918924318 0.023895791083279636
0.5981981981981982 0.004223515764131078 0.029067282557805187 0.01580222508786626 0.023756441489578305
0.5988988988988989 0.004078936416628455 0.028179686442061678 0.016434464329195875 0.023633925617624753
0.5995995995995996 0.00393891950154858 0.027301264260705012 0.017082943662210096 0.023527160593595893
0.6003003003003003 0.0038033354300893397 0.02643486937085343 0.017744800106205934 0.0234350635436686
0.6010010010010011 0.003672057784638046 0.0255833551296252 0.01841717068048042 0.023356551594019767
0.6017017017017017 0.003544963258409238 0.0247495748941387 0.01909719240433045 0.023290541870826263
0.6024024024024024 0.003421931595662193 0.023936382021511923 0.019782002297053264 0.02323595150026497
0.6031031031031031 0.003302845532512984 0.023146629868863264 0.020468737377945773 0.023191697608512776
0.6038038038038038 0.003187590738354476 0.022383171793310966 0.02115453466630499 0.023156697321746557
0.6045045045045045 0.003076055757897256 0.021648861151973293 0.021836531181427938 0.023129867766143196
0.6052052052052053 0.002968131953843409 0.020946551301968486 0.02251186394261164 0.023110126067879575
0.6059059059059059 0.0028637134502042427 0.02027909560041492 0.023177669969153006 0.023096389353132588
0.6066066066066066 0.0027626970762720865 0.01964934740443063 0.023831086280349256 0.02308757474807909
0.6073073073073073 0.0026649823112559617 0.019060160071133984 0.02446924989549732 0.023082599378895993
0.608008008008008 0.0025704712295894576 0.018514386957643226 0.025089297833894197 0.02308038037176016
0.6087087087087087 0.0024790684469189654 0.018014881421076618 0.02568836711483692 0.023079834852848473
0.6094094094094095 0.0023906810667794006 0.017564434144919237 0.0262636489861111 0.023079896897249125
0.6101101101101102 0.0023052186279638796 0.017164032817576752 0.026813894740662314 0.023079988166330657
0.6108108108108108 0.002222593052593149 0.01681263500312884 0.027339612240638696 0.023080079330596533
0.6115115115115115 0.0021427185948898145 0.016509089965616883 0.027841403055016936 0.023080170348268952
0.6122122122122122 0.0020655117906619278 0.01625224696908242 0.02831986875277346 0.02308026117757012
0.6129129129129129 0.001990891407499548 0.016040955277566934 0.02877561090288476 0.023080351776722213
0.6136136136136137 0.001918778395687657 0.015874064155111924 0.02920923107432739 0.023080442103947458
0.6143143143143144 0.0018490958398378519 0.015750422865758864 0.029621330836077826 0.023080532117468026
0.615015015015015 0.0017817689112409611 0.015668880673549254 0.03001251175711254 0.023080621775506127
0.6157157157157157 0.0017167248209418906 0.01562828684252456 0.030383375406408175 0.023080711036283962
0.6164164164164164 0.001653892773537785 0.015627490636726277 0.03073452335294117 0.023080799858023724
0.6171171171171171 0.0015932039216997045 0.015665341320195897 0.03106655716568804 0.02308088819894761
0.6178178178178179 0.0015345913214178334 0.015740688156974898 0.031380078413625306 0.02308097601727782
0.6185185185185186 0.0014779898879695803 0.01585238041110477 0.031675688665729465 0.023081063271236546
0.6192192192192192 0.0014233363526094946 0.01599926734662698 0.031953989490977004 0.02308114991904599
0.6199199199199199 0.0013705692199794824 0.01618019822758305 0.032215582458344515 0.02308123591892835
0.6206206206206206 0.0013196287262374623 0.016394022318014456 0.032461069136808476 0.02308132122910582
0.6213213213213213 0.0012704567979019649 0.016639588881962677 0.0326910510953454 0.023081405807800603
0.6220220220220221 0.0012229970114100402 0.016915747183469203 0.03290612990293179 0.02308148961323489
0.6227227227227228 0.0011771945533852976 0.017221346486575518 0.033106907128544166 0.02308157260363089
0.6234234234234235 0.001132996181612593 0.017555236055323113 0.03329398434115905 0.023081654737210792
0.6241241241241241 0.0010903501867155245 0.017916265153753403 0.03346796310975291 0.023081735972196787
0.6248248248248248 0.0010492063545325498 0.018303283045908 0.03362944500330234 0.023081816266811092
0.6255255255255255 0.0010095159291873147 0.01871513899582833 0.0337790315907838 0.023081895579275882
0.6262262262262263 0.0009712315768482917 0.01915068226755588 0.03391732444117382 0.02308197386781337
0.626926926926927 0.000934307350172761 0.019608762125132146 0.03404492512344891 0.02308205109064575
0.6276276276276277 0.0008986986534297475 0.020088227832598594 0.03416243520658558 0.02308212720599522
0.6283283283283283 0.0008643622082963496 0.02058792865399665 0.03427045625956033 0.023082202172083975
0.629029029029029 0.0008312560203215659 0.021106713853367945 0.034369589851349705 0.02308227594713421
0.6297297297297297 0.0007993393460516716 0.021643432694753897 0.034460437550930215 0.023082348489368132
0.6304304304304305 0.0007685726608107298 0.022196934442195983 0.03454360092727835 0.023082419757007935
0.6311311311311312 0.0007389176271298572 0.022766068359735697 0.034619681549370646 0.023082489708275814
0.6318318318318319 0.0007103370638185353 0.023349683711414517 0.034689280986183596 0.02308255830139396
0.6325325325325326 0.0006827949156711377 0.023946629761273937 0.03475300080669373 0.02308262549458459
0.6332332332332332 0.0006562562238016628 0.02455575577335535 0.034811442579877554 0.023082691246069886
0.6339339339339339 0.0006306870965994837 0.025175911011700414 0.034865207874711576 0.02308275551407204
0.6346346346346347 0.0006060546812988846 0.025805944740350546 0.03491489826017234 0.02308281825681327
0.6353353353353354 0.0005823271361548516 0.026444706223347207 0.03496111530523632 0.023082879432515756
0.6360360360360361 0.0005594736032176593 0.027091044724731908 0.03500446057888006 0.02308293899940171
0.6367367367367368 0.0005374641816985277 0.027743809508546123 0.03504553565008006 0.02308299691569332
0.6374374374374374 0.0005162699019186293 0.028401849838831233 0.03508494208781283 0.023083053139612782
0.6381381381381381 0.0004958626998335652 0.029064014979628933 0.03512328146105488 0.0230831076293823
0.6388388388388389 0.0004762153921254335 0.02972915419498061 0.035161155338782744 0.023083160343224066
0.6395395395395396 0.00045730165185442934 0.03039611674892774 0.035199165289972925 0.02308321123936028
0.6402402402402403 0.00043909598466195725 0.031063751905511822 0.03523791288360193 0.023083260276013144
0.640940940940941 0.0004215737055171467 0.03173090890658989 0.035277999652468923 0.02308330739777127
0.6416416416416416 0.0004047109159985936 0.03239616716466927 0.03531958710406783 0.02308318672404819
0.6423423423423423 0.0003884844821031386 0.03305716407436118 0.035361300546391305 0.02308215345175388
0.643043043043043 0.0003728720125734976 0.03371133158017323 0.035401430248843534 0.02307933651725843
0.6437437437437438 0.0003578518377364486 0.03435610162661311 0.035438266480828665 0.02307386485693193
0.6444444444444445 0.00034340298884335635 0.03498890615818852 0.0354700995117509 0.023064867407144495
0.6451451451451452 0.0003295051779047653 0.03560717711940715 0.035495219611014414 0.02305147310426621
0.6458458458458459 0.0003161387780107919 0.0362083464547767 0.03551191704802337 0.02303281088466717
0.6465465465465465 0.0003032848041290674 0.03678984610880476 0.035518482092181954 0.023008009684717477
0.6472472472472472 0.00029092489437197787 0.03734910802599922 0.03551320501289434 0.022976198440787212
0.647947947947948 0.00027904129172499415 0.03788356415086768 0.0354943760795647 0.02293650608924648
0.6486486486486487 0.00026761682622786204 0.03839064642791785 0.035460285561597235 0.022888061566465383
0.6493493493493494 0.0002566348976005031 0.0388677868016574 0.035409223728396104 0.02282999380881401
0.6500500500500501 0.00024607945830547486 0.03931241721659402 0.03533948084936547 0.022761431752662445
0.6507507507507507 0.00023593499703889408 0.03972196961723537 0.03524934719390954 0.022681504334380813
0.6514514514514514 0.00022618652264175726 0.040093875948089275 0.03513711303143247 0.02258934049033918
0.6521521521521522 0.00021681954842367609 0.04042556815366334 0.03500106863133844 0.022484069156907656
0.6528528528528529 0.00020782007689103268 0.04071447817846527 0.03483950426303164 0.022364819270456325
0.6535535535535536 0.0001991745848716867 0.04095803796700276 0.03465071019591623 0.022230719767355297
0.6542542542542543 0.00019087000902837543 0.0411536794637835 0.03443297669939638 0.022080899583974654
0.6549549549549549 0.00018289373175304222 0.041298834613315176 0.03418459404287633 0.02191448765668453
0.6556556556556556 0.00017523356743436773 0.04139093536010552 0.033903852495760174 0.021730612921854964
0.6563563563563564 0.0001678777490908864 0.041427413648662204 0.03358904232745212 0.02152840431585607
0.6570570570570571 0.00016081491536209483 0.041405701423492924 0.033238453807356357 0.02130699077505796
0.6577577577577578 0.00015403409785008057 0.041323230629105374 0.03285037720487704 0.021065501235830713
0.6584584584584585 0.00014752470880424943 0.04117743321000724 0.03242310278941836 0.020803064634544427
0.6591591591591592 0.00014127652914181808 0.040965741110706236 0.031954920830384495 0.020518809907569206
0.6598598598598598 0.0001352796967968287 0.04068558627571008 0.0314441215971797 0.02021186599127519
0.6605605605605606 0.00012952469539051004 0.04033440064952641 0.030888995359208 0.019881361822032376
0.6612612612612613 0.00012400234321592368 0.039909616176662936 0.030287832385873636 0.01952642633621091
0.661961961961962 0.00011870378252988765 0.03940866480162735 0.02963892294658079 0.019146188470180882
0.6626626626626627 0.00011362046914529253 0.03882897846892737 0.028940557310733646 0.018739777160312394
0.6633633633633634 0.00010874416231699814 0.03816798912307067 0.028191025747736374 0.01830632134297554
0.664064064064064 0.00010406691491459767 0.03742312870856509 0.027388618526993286 0.01784494995454049
0.6647647647647648 9.958106387542548e-05 0.03659182916991807 0.026531625917908308 0.017354791931377192
0.6654654654654655 9.527922093129602e-05 0.03567152245163742 0.025618338189885723 0.01683497620985581
0.6661661661661662 9.115426360253124e-05 0.03465964049823085 0.024647045612329735 0.01628463172634645
0.6668668668668669 8.7199326452955e-05 0.033553615254206026 0.023616038454644495 0.015702887417219195
0.6675675675675676 8.340779259961864e-05 0.03235087866407067 0.022523606986234193 0.015088872218844144
0.6682682682682682 7.977328547112354e-05 0.031048862672332665 0.02136804147650318 0.0144417150675915
0.668968968968969 7.628966080850002e-05 0.029644999223499325 0.020147632194855297 0.013760544899831154
0.6696696696696697 7.29509989027158e-05 0.028136720262078523 0.018860669410694874 0.013044490651933298
0.6703703703703704 6.975159706296315e-05 0.026521457732577955 0.017505443393426093 0.012292681260268033
0.6710710710710711 6.668596230999596e-05 0.024796643579505322 0.016080244412453138 0.011504245661205451
0.6717717717717718 6.37488042888752e-05 0.022959709747368315 0.014583362737180177 0.010678312791115644
0.6724724724724725 6.0935028395582305e-05 0.02100808818067463 0.013013088637011387 0.009814011586368711
0.6731731731731732 5.823972911206358e-05 0.018939644818188654 0.011367995464194371 0.008910583225464787
0.6738738738738739 5.565818354436066e-05 0.016757888789295967 0.009650337473251284 0.00796872836182871
0.6745745745745746 5.3185845158593026e-05 0.01447027566095041 0.007864943074354563 0.0069901682996237405
0.6752752752752753 5.081833770964132e-05 0.012084341978625703 0.00601669349779874 0.005976645286150946
0.675975975975976 4.85514493574921e-05 0.009607624287795546 0.0041104699738783515 0.004929901568711387
0.6766766766766767 4.6381126966296216e-05 0.007047659133933633 0.0021511537328879025 0.0038516793946061275
0.6773773773773774 4.430347058129027e-05 0.004411983062514113 0.00014362600512226806 0.0027437210111364175
0.6780780780780781 4.23147280788273e-05 0.0017081326190098306 -0.001907231979124676 0.0016077686656029606
0.6787787787787788 4.041128998486409e-05 -0.0010563556511050745 -0.003996538989558061 0.00044556460530700663
0.6794794794794795 3.858968445733604e-05 -0.0038739452023569265 -0.0061194137958833945 -0.0007411489224503926
0.6801801801801802 3.6846572427958224e-05 -0.006737099489272008 -0.00827097516780613 -0.001950629670368166
0.680880880880881 3.5178742899075496e-05 -0.00963828196637665 -0.010446341875031746 -0.0031811353911452567
0.6815815815815817 3.3583108391282014e-05 -0.012569956088197103 -0.012640632687265702 -0.004430923837480592
0.6822822822822823 3.205670053762085e-05 -0.015524585309259202 -0.01484896637421312 -0.005698252762072904
0.682982982982983 3.0596665820264174e-05 -0.018494633084090197 -0.01706646170558019 -0.006981379917621535
0.6836836836836837 2.9200261445668864e-05 -0.02147256286721594 -0.019288237451072037 -0.008278563056825231
0.6843843843843844 2.7864851354284843e-05 -0.02445083811316267 -0.021509412380394097 -0.009588059932382906
0.6850850850850851 2.658790236098732e-05 -0.027421922276456734 -0.023725105263251868 -0.010908128296993513
0.6857857857857859 2.5366980422487276e-05 -0.0303782788116244 -0.025930434869350826 -0.012237025903355975
0.6864864864864865 2.4199747028062906e-05 -0.03331237117319153 -0.028120519968396086 -0.013573010504169022
0.6871871871871872 2.3083955710036144e-05 -0.03621666281568534 -0.03029047933009382 -0.01491433985213202
0.6878878878878879 2.2017448670506858e-05 -0.03908361719363164 -0.03243543172414916 -0.016259271699943678
0.6885885885885886 2.0998153520933357e-05 -0.04190569776155677 -0.03455049592026754 -0.017606063800302947
0.6892892892892893 2.002408013123513e-05 -0.044675367973986996 -0.0366307906881545 -0.018952973905908763
0.6899899899899901 1.9093317585169624e-05 -0.04738509128544863 -0.03867143479751544 -0.020298259769460043
0.6906906906906907 1.8204031238815998e-05 -0.05002733115046752 -0.040667547018055555 -0.021640179143655524
0.6913913913913914 1.735445987907401e-05 -0.05259455102357087 -0.04261424611948095 -0.022976989781194564
0.6920920920920921 1.6542912979167e-05 -0.055079214359284506 -0.044506650871496786 -0.0243069494347759
0.6927927927927928 1.5767768048206198e-05 -0.05747378461213473 -0.046339880043808526 -0.025628315857098447
0.6934934934934935 1.502746807195477e-05 -0.05977072523664784 -0.04810905240612161 -0.026939346800861144
0.6941941941941943 1.4320519041997081e-05 -0.06196249968735012 -0.04980928672814153 -0.028238300018762933
0.694894894894895 1.3645487570593482e-05 -0.06404157141876789 -0.05143570177957378 -0.029523433263502735
0.6955955955955956 1.3000998588569162e-05 -0.06600040388542718 -0.052983416330123594 -0.030793004287779323
0.6962962962962963 1.2385733123654546e-05 -0.06783146054185482 -0.05444754914949691 -0.032045270844292
0.696996996996997 1.1798426156764816e-05 -0.06952720484257688 -0.05582321900739895 -0.03327849068573951
0.6976976976976977 1.1237864553767692e-05 -0.07108010024211958 -0.057105544673535194 -0.03449092156482078
0.6983983983983985 1.0702885070358817e-05 -0.07248261019500926 -0.0582896449176111 -0.03568082123423476
0.6990990990990992 1.0192372427724466e-05 -0.07372719815577225 -0.059370638509332184 -0.03684644744668038
0.6997997997997998 9.705257456735269e-06 -0.07480632757893459 -0.06034364421840372 -0.03798605795485639
0.7005005005005005 9.240515308475605e-06 -0.075712461919023 -0.061203780814531504 -0.0390979105114621
0.7012012012012012 8.797163728974196e-06 -0.07643806463056359 -0.06194616706742086 -0.040180262869196265
0.7019019019019019 8.374261396058581e-06 -0.07697559916808262 -0.06256592174677725 -0.04123137278075779
0.7026026026026027 7.970906316315745e-06 -0.07731752898610644 -0.06305816362230615 -0.04224949799884566
0.7033033033033034 7.586234280196361e-06 -0.07745631753916128 -0.06341801146371302 -0.04323289627615877
0.704004004004004 7.219417373355926e-06 -0.07738442828177353 -0.06364058404070333 -0.04417982536539593
0.7047047047047047 6.869662542379578e-06 -0.07709436283594319 -0.06372102453967031 -0.04508854813253121
0.7054054054054054 6.536210213091211e-06 -0.07658448015686327 -0.06365822322957002 -0.04595811214715098
0.7061061061061061 6.21833295969779e-06 -0.07586525111317957 -0.06345881867337003 -0.04678918760503185
0.7068068068068069 5.915334223071603e-06 -0.07494864670792648 -0.0631304091075317 -0.047582645674105396
0.7075075075075076 5.626547076521785e-06 -0.07384663794413845 -0.06268059276851642 -0.04833935752230324
0.7082082082082083 5.3513330374550754e-06 -0.07257119582484996 -0.06211696789278565 -0.04906019431755701
0.7089089089089089 5.089080923372705e-06 -0.07113429135309558 -0.06144713271680082 -0.04974602722779819
0.7096096096096096 4.8392057506961045e-06 -0.06954789553190932 -0.060678685477023105 -0.05039772742095859
0.7103103103103103 4.601147674960124e-06 -0.06782397936432581 -0.05981922440991397 -0.051016166064969726
0.711011011011011 4.37437097095453e-06 -0.06597451385337949 -0.058876347751934836 -0.05160221432776319
0.7117117117117118 4.158363051438981e-06 -0.06401147000210475 -0.057857653739547085 -0.05215674337727061
0.7124124124124125 3.9526335230975695e-06 -0.06194681881353603 -0.056770740609212056 -0.05268062438142355
0.7131131131131131 3.756713278439874e-06 -0.05979253129070807 -0.05562320659739135 -0.05317472850815355
0.7138138138138138 3.570153622395232e-06 -0.05756057843665469 -0.054422649940546 -0.053639926925392406
0.7145145145145145 3.392525432385836e-06 -0.055262931254410536 -0.05317666887513753 -0.054077090801071606
0.7152152152152152 3.2234183507012677e-06 -0.05291156074701013 -0.05189286163762735 -0.05448709130312279
0.715915915915916 3.062440008034801e-06 -0.05051843791748784 -0.05057882646447684 -0.05487079959947752
0.7166166166166167 2.9092152770768025e-06 -0.04809553376887809 -0.049242161592147365 -0.05522908685806746
0.7173173173173173 2.7633855550957544e-06 -0.04565481930421575 -0.04789046525710055 -0.055562824246824113
0.718018018018018 2.6246080744713473e-06 -0.04320826552653436 -0.04653133569579734 -0.05587288293367922
0.7187187187187187 2.492555240177274e-06 -0.04076784343886883 -0.04517237114469931 -0.056160134086564305
0.7194194194194194 2.3669139932429104e-06 -0.03834552404425349 -0.04382116984026786 -0.05642544887341099
0.7201201201201202 2.247385199255167e-06 -0.03595327834572284 -0.04248533001896438 -0.05666969846215089
0.7208208208208209 2.133683060991605e-06 -0.03360307734631128 -0.04117244991725025 -0.0568937540207156
0.7215215215215216 2.0255345543058463e-06 -0.03130689204905324 -0.03989012777158686 -0.057098486717036726
0.7222222222222222 1.922678886414884e-06 -0.02907669345698346 -0.03864596181843577 -0.05728476771904585
0.7229229229229229 1.8248669757659423e-06 -0.026924452573135665 -0.037447550294257975 -0.057453468194674624
0.7236236236236236 1.7318609526879056e-06 -0.024862140400544658 -0.036302491435515054 -0.057605459311854644
0.7243243243243244 1.6434336800582894e-06 -0.022901727942244834 -0.0352183834786684 -0.05774161223851748
0.7250250250250251 1.559368293242976e-06 -0.021055186201270643 -0.03420282466017939 -0.05786279814259479
0.7257257257257258 1.4794577585903636e-06 -0.019334486180656488 -0.03326341321650941 -0.057969888192018135
0.7264264264264264 1.4035044497861731e-06 -0.017751598883437025 -0.032407747384119966 -0.05806375355471912
0.7271271271271271 1.33131974139825e-06 -0.01631849531264621 -0.03164342539947218 -0.058145265398629395
0.7278278278278278 1.2627236189641006e-06 -0.015047146471318669 -0.030978045499027558 -0.058215294891680515
0.7285285285285286 1.1975443049952887e-06 -0.013949523362488864 -0.03041920591924751 -0.058274713201804135
0.7292292292292293 1.1356179002950005e-06 -0.01303759698919122 -0.02997450489659341 -0.05832439149693182
0.72992992992993 1.0767880400054691e-06 -0.012323338354460152 -0.02965154066752662 -0.058365200944995185
0.7306306306306306 1.0209055638223909e-06 -0.011818718461330147 -0.029457911468508576 -0.058398012713925855
0.7313313313313313 9.678281998329364e-07 -0.01153570831283543 -0.029401215536000568 -0.05842369797165542
0.732032032032032 9.174202614531172e-07 -0.011486278912010574 -0.02948905110646405 -0.058443127886115484
0.7327327327327328 8.695523569584332e-07 -0.011682401261889984 -0.02972901641636039 -0.05845717362523765
0.7334334334334335 8.241011111198548e-07 -0.01213604636550808 -0.030128709702150962 -0.058466706356953536
0.7341341341341342 7.809488984743334e-07 -0.012859185225899301 -0.030695729200297176 -0.058472597249194735
0.7348348348348349 7.39983587775782e-07 -0.01386378884609802 -0.031437673147260384 -0.05847571746989287
0.7355355355355355 7.010982971887681e-07 -0.015161828229138467 -0.03236213977950182 -0.05847693818697953
0.7362362362362362 6.641911598028089e-07 -0.01676527437805548 -0.03347672733348317 -0.05847713056838632
0.736936936936937 6.291650990604657e-07 -0.018683451690984378 -0.03478741961935084 -0.058477086244018386
0.7376376376376377 5.95927613706986e-07 -0.0209072273104969 -0.03628894154000219 -0.05847704215060306
0.7383383383383384 5.643905718837109e-07 -0.02341960843457476 -0.0379712234400745 -0.05847699901111276
0.7390390390390391 5.344700140011105e-07 -0.02620357321752445 -0.03982417794759252 -0.05847695667567471
0.7397397397397397 5.060859640406777e-07 -0.02924209981365209 -0.041837717690580645 -0.058476914994415985
0.7404404404404404 4.791622489478706e-07 -0.032518166377265144 -0.044001755297064266 -0.058476873817463804
0.7411411411411412 4.536263257907268e-07 -0.03601475106266968 -0.04630620339506781 -0.05847683299494531
0.7418418418418419 4.294091163708329e-07 -0.039714832024172295 -0.048740974612616075 -0.05847679237698765
0.7425425425425426 4.064448489850513e-07 -0.0436013874160795 -0.051295981577733726 -0.058476751813718
0.7432432432432433 3.8467090704763525e-07 -0.04765739539269789 -0.053961136918445604 -0.058476711155263504
0.743943943943944 3.6402768429328217e-07 -0.05186583410833392 -0.05672635326277639 -0.05847667025175135
0.7446446446446446 3.4445844629220723e-07 -0.05620968171729351 -0.059581543238750374 -0.05847662895330864
0.7453453453453454 3.259091980184681e-07 -0.060671916373884575 -0.06251661947439326 -0.05847658711006258
0.7460460460460461 3.083285572226597e-07 -0.06523551623241293 -0.06552149459772928 -0.058476544572140327
0.7467467467467468 2.916676333694722e-07 -0.06988345944718519 -0.06858608123678323 -0.05847650118966902
0.7474474474474475 2.7587991190990503e-07 -0.07459872417250789 -0.07170029201957985 -0.05847645681277582
0.7481481481481482 2.60921143666654e-07 -0.07936428856268751 -0.07485403957414388 -0.0584764112915879
0.7488488488488488 2.4674923911980747e-07 -0.0841631307720299 -0.07803723652849955 -0.0584763644762324
0.7495495495495496 2.3332416738816455e-07 -0.08897822895484311 -0.08123979551067262 -0.05847631621683648
0.7502502502502503 2.2060785970949606e-07 -0.09379256126543298 -0.08445162914868735 -0.05847626636352733
0.750950950950951 2.0856411723067332e-07 -0.09858910585810596 -0.08766265007056848 -0.05847621476643208
0.7516516516516517 1.9715852292603048e-07 -0.10335084088716864 -0.09086277090434078 -0.058476161275677896
0.7523523523523524 1.863583574694467e-07 -0.10806074450692757 -0.09404190427802893 -0.05847610574139193
0.753053053053053 1.761325188924945e-07 -0.11270179487168853 -0.09718996281965724 -0.05847604801370135
0.7537537537537538 1.6645144586765342e-07 -0.1172569701357597 -0.10029685915725146 -0.058475987942733315
0.7544544544544545 1.5728704446196436e-07 -0.12170924845344658 -0.10335250591883577 -0.05847592537861497
0.7551551551551552 1.4861261821265712e-07 -0.12604160797905598 -0.10634681573243498 -0.058475860171473486
0.7558558558558559 1.4040280138221375e-07 -0.13023702686689434 -0.10926970122607385 -0.05847579217143602
0.7565565565565566 1.3263349525606745e-07 -0.1342784832712682 -0.11211107502777705 -0.058475721228629735
0.7572572572572573 1.2528180735161128e-07 -0.1381489553464842 -0.11486084976556939 -0.05847564719318177
0.757957957957958 1.1832599341251603e-07 -0.14183142124684822 -0.11750893806747519 -0.058475569915219315
0.7586586586586587 1.1174540206745297e-07 -0.14530885912666797 -0.12004525256152 -0.058475489244869505
0.7593593593593594 1.0552042203724124e-07 -0.1485642471402494 -0.12245970587572824 -0.058475405032259495
0.7600600600600601 9.963243177914768e-08 -0.15158056344189913 -0.12474221063812453 -0.058475317127516455
0.7607607607607608 9.406375146165794e-08 -0.1543407861859237 -0.12688267947673373 -0.05847522538076756
0.7614614614614615 8.879759716738448e-08 -0.1568278935266296 -0.1288710250195805 -0.05847512964213994
0.7621621621621621 8.381803722601578e-08 -0.15902486361832302 -0.13069715989468933 -0.05847502976176078
0.7628628628628629 7.910995058325302e-08 -0.16091467461531128 -0.1323509967300856 -0.0584749255897572
0.7635635635635636 7.465898711559647e-08 -0.16248030467190056 -0.13382244815379374 -0.05847481697625641
0.7642642642642643 7.045152980457476e-08 -0.16370473194239732 -0.1351014267938384 -0.058474703771385514
0.764964964964965 6.647465868763492e-08 -0.16457093458110816 -0.13617784527824445 -0.05847458582527171
0.7656656656656657 6.271611650637035e-08 -0.16506189074233962 -0.13704161623503652 -0.05847446298804214
0.7663663663663663 5.91642759760981e-08 -0.16516057858039823 -0.1376826522922394 -0.05847433510982398
0.7670670670670671 5.580810860399722e-08 -0.16484997624959075 -0.13809086607787802 -0.05847420204074437
0.7677677677677678 5.263715498610795e-08 -0.16411306190422337 -0.13825617021997688 -0.05847406363093047
0.7684684684684685 4.964149651643008e-08 -0.16293321835634314 -0.13816864147042296 -0.058473919734687164
0.7691691691691692 4.681172844421995e-08 -0.1613087463559523 -0.13782440710071037 -0.05847377036033338
0.7698698698698699 4.413893421829729e-08 -0.15925686787169863 -0.13722726857998382 -0.05847361571153236
0.7705705705705707 4.161466105980471e-08 -0.15679602439631105 -0.13638152200033038 -0.058473456004537745
0.7712712712712713 3.9230896707368036e-08 -0.15394465742251912 -0.13529146345383722 -0.05847329145560322
0.771971971971972 3.6980047281027555e-08 -0.15072120844305106 -0.13396138903259117 -0.05847312228098247
0.7726726726726727 3.4854916213628753e-08 -0.14714411895063623 -0.1323955948286793 -0.05847294869692916
0.7733733733733734 3.284868420057431e-08 -0.14323183043800383 -0.13059837693418883 -0.058472770919696986
0.7740740740740741 3.095489012099065e-08 -0.13900278439788274 -0.12857403144120663 -0.05847258916553959
0.7747747747747749 2.916741288539481e-08 -0.13447542232300225 -0.12632685444181999 -0.058472403650710686
0.7754754754754755 2.7480454166922498e-08 -0.12966818570609198 -0.1238611420281162 -0.05847221459146394
0.7761761761761762 2.5888521975053752e-08 -0.12459951603987957 -0.12118119029218163 -0.058472022204053016
0.7768768768768769 2.438641503258824e-08 -0.11928785481709482 -0.11829129532610368 -0.058471826704731604
0.7775775775775776 2.2969207918345692e-08 -0.11375164353046677 -0.11519575322196948 -0.05847162830975337
0.7782782782782783 2.1632236939733742e-08 -0.10800932367272441 -0.11189886007186597 -0.058471427235372
0.778978978978979 2.037108670091651e-08 -0.10207933673659686 -0.1084049119678803 -0.05847122369784117
0.7796796796796797 1.9181577333840206e-08 -0.09598012421481417 -0.10471820500210009 -0.058471017913414546
0.7803803803803804 1.805975236083636e-08 -0.08973012760010343 -0.10084303526661127 -0.058470810098345816
0.7810810810810811 1.7001867158925463e-08 -0.08334778838519472 -0.09678369885350147 -0.05847060046888866
0.7817817817817818 1.6004377997279893e-08 -0.07685154806281697 -0.09254449185485772 -0.058470389241296765
0.7824824824824825 1.5063931620598266e-08 -0.07025984812569937 -0.08812971036276712 -0.05847017663182377
0.7831831831831833 1.4177355352366668e-08 -0.06359113006657083 -0.08354365046931665 -0.05846996285672337
0.783883883883884 1.3341647693166641e-08 -0.05686383537816054 -0.07879060826659347 -0.058469748132249255
0.7845845845845846 1.2553969390314848e-08 -0.05009640555319859 -0.07387487984668539 -0.058469532674655086
0.7852852852852853 1.1811634956199717e-08 -0.04330728208441181 -0.06880076130167788 -0.058469316700194555
0.785985985985986 1.1112104613717225e-08 -0.0365149064645305 -0.06357254872365886 -0.058469100425121316
0.7866866866866867 1.0452976648192744e-08 -0.029737720186283515 -0.058194538204715325 -0.05846888406568909
0.7873873873873874 9.831980146126433e-09 -0.022994164742400024 -0.05267102583693434 -0.05846866783815151
0.7880880880880882 9.246968102003302e-09 -0.016302681625609123 -0.04700630771240296 -0.05846845195876225
0.7887887887887888 8.69591087527638e-09 -0.009681712328640821 -0.04120467992320922 -0.05846823664377501
0.7894894894894895 8.17688998045872e-09 -0.0031496983442221107 -0.035270438561438314 -0.05846802210944347
0.7901901901901902 7.688092194055354e-09 0.003274918834916903 -0.02920787971917818 -0.05846780857202129
0.7908908908908909 7.227803962818825e-09 0.009573697716047137 -0.02302129948851596 -0.058467596247762134
0.7915915915915916 6.794406098541916e-09 0.015728196806439596 -0.01671499396153864 -0.05846738535291974
0.7922922922922924 6.386368745289351e-09 0.021719974613365178 -0.010293259230333314 -0.05846717610374772
0.7929929929929931 6.002246605633889e-09 0.02753058964409478 -0.003760391386987069 -0.05846696871649978
0.7936936936936937 5.640674413094441e-09 0.03314160040589857 0.0028793134764120154 -0.058466763407429595
0.7943943943943944 5.300362638576503e-09 0.03853456540604924 0.009621559267778981 -0.05846656039279082
0.7950950950950951 4.9800934191953065e-09 0.043691043151816794 0.016462049895025695 -0.05846635988883716
0.7957957957957958 4.678716698409665e-09 0.048592592150472166 0.023396489266065103 -0.058466162111822276
0.7964964964964966 4.395146566924148e-09 0.05322077090928639 0.030420581288810165 -0.05846596727799986
0.7971971971971973 4.1283577943185006e-09 0.057557137935530335 0.037530029871173806 -0.058465775603623586
0.7978978978978979 3.877382541843432e-09 0.06158325173647433 0.04472053892106779 -0.0584655873049471
0.7985985985985986 3.64130724728016e-09 0.06528067081939062 0.05198781234640738 -0.05846540259822413
0.7992992992992993 3.419269673199389e-09 0.06863095369154949 0.05932755405510434 -0.0584652216997083
0.8 3.2104561103712005e-09 0.07161565886022188 0.06673546795507164 -0.05846504482565333
