x1 x2 M1 M2 M3 M4 M5 M6
0.8962844730642525 309.817 676.1549743135969 -875.690758780194 69.17117935158547 -8.368174776130559 745.3261536651823 -90.43287989218345
1.2992727500498769 309.817 1316.235814833079 -271.8488061623469 -295.6546861297704 107.52464551643325 1020.5811287033087 -0.5727070299481056
1.7022610270355012 309.817 192.2620603995266 -262.5934871409578 -163.79798589606898 110.4372434387434 28.46407450345773 -0.0689432004878654
2.1052493040211253 309.817 1008.3198597531787 -201.38047983083612 200.28488184297385 110.36060722645925 1208.6047415961525 -6.943855821256506
2.5082375810067497 309.817 1596.190885644416 -233.24151913769725 90.27100070195627 110.2502997609319 1686.4618863463722 -21.40480070786907
2.911225857992374 309.817 1327.3134984426729 -232.38195265088308 55.243964057554734 110.14134137326914 1382.5574625002275 -34.88491862477076
3.3142141349779983 309.817 984.9840896999017 -129.10749140501986 176.83764245608054 110.3002658263591 1161.8217321559823 -10.101873602460046
3.7172024119636227 309.817 2591.3201312959227 -132.65707599753213 267.7214954748317 123.77865514862097 2859.041626770754 0.9414815258951421
4.120190688949247 309.817 1025.6261290242053 -30.264377947221845 255.55652771986564 170.81014012247402 1281.182656744071 55.41780958461618
4.523178965934871 309.817 1121.9865918631833 -45.132629986063904 207.26145049104593 218.83539831575604 1329.2480423542293 85.15700649209043
4.926167242920496 309.817 1683.0617827775513 40.9743477411524 248.57312594442516 244.10650599990805 1931.6349087219762 127.38453400428989
5.32915551990612 309.817 978.522401219703 14.83659035090335 455.87906026795156 267.2853921387143 1434.4014614876546 228.74766751934328
5.732143796891744 309.817 2931.948000640286 229.06814891107777 708.0648832467788 360.67684042697965 3640.0128838870646 339.9422967316118
6.135132073877369 309.817 2175.074365435905 222.30704608298944 783.1883929662632 522.396199251481 2958.2627584021675 439.4024514205148
6.538120350862992 309.817 1770.164672055972 338.78381037815996 753.2963250503751 683.2104016602416 2523.4609971063473 557.3358703543411
6.941108627848617 309.817 1866.531216837556 337.8919226584616 1101.614909330349 760.9795541270089 2968.146126167905 670.4514836219901
7.344096904834242 309.817 1426.3861382809666 329.4335377958274 1436.8295979461268 780.1884430484783 2863.2157362270937 727.8187876223597
7.747085181819865 309.817 712.9947582684335 320.72996233867957 1472.2861620212525 782.4717260486278 2185.280920289686 729.2076996831211
8.15007345880549 309.817 1022.6920787110273 511.3871207766739 1337.8301471925233 782.4170325023707 2360.522225903551 714.898186783762
8.553061735791115 309.817 2135.430347873916 498.7550937724929 1004.4828258158997 782.3482892425839 3139.913173689816 688.3455292061703
8.956050012776739 309.817 2914.974723301906 554.0854422943347 592.2528083726914 782.2845457619806 3507.2275316745972 669.1695866005991
9.359038289762363 309.817 3911.9091034307276 618.0574610158212 419.9044902065887 783.9545221368327 4331.813593637316 657.6720512071897
9.762026566747988 309.817 1539.92437889836 614.1794283554333 781.3037951704099 793.3458924406129 2321.2281740687695 674.0451383078121
10.165014843733612 309.817 2373.0254029223865 865.0570723138932 842.5255411428712 821.7036458206092 3215.5509440652577 712.7331847852463
10.568003120719236 309.817 1801.11746643942 847.6188023247541 -389.3207466087488 857.4352381853848 1411.7967198306712 731.7699809114256
0.8962844730642525 330.5262916666667 1379.2211916967294 118.5930594974229 628.6223263737224 657.9200635549898 2007.8435180704519 738.6758408784865
1.2992727500498769 330.5262916666667 2019.3020322162117 722.43501211527 733.3044029586147 785.9927820168936 2752.606435174827 870.3376355578098
1.7022610270355012 330.5262916666667 895.3282777826593 731.6903311366591 787.5149812740149 789.600857143197 1682.843259056674 872.4989640092222
2.1052493040211253 330.5262916666667 1711.386077136311 792.9033384467807 865.5899692608123 789.5565908164008 2576.9760463971234 865.6841922733627
2.5082375810067497 330.5262916666667 2299.2571030275485 761.0422991399196 813.8818804554289 789.4375015193372 3113.138983482978 851.2205088893702
2.911225857992374 330.5262916666667 2030.3797158258053 761.9018656267338 765.2824578811365 789.3256794540707 2795.6621737069413 837.7421018514617
3.3142141349779983 330.5262916666667 1688.050307083034 865.176326872597 757.374029470699 789.7448497814423 2445.424336553733 862.880478193189
3.7172024119636227 330.5262916666667 3294.386348679055 861.6267422800847 786.103053291555 817.5230811530553 4080.4894019706103 893.3749643859878
4.120190688949247 330.5262916666667 1728.692346407338 964.0194403303949 868.8520351554553 914.4090601940462 2597.5443815627937 1012.5096027915273
4.523178965934871 330.5262916666667 1825.052809246316 949.1511882915529 937.127548422155 1014.1908445087196 2762.1803576684715 1088.6596600017162
4.926167242920496 330.5262916666667 2386.128000160684 1035.2581660187693 1000.5965587200362 1067.442661960324 3386.724558880721 1113.238553092293
5.32915551990612 330.5262916666667 1681.5886186028356 1009.1204086285202 1131.587662550924 1085.9809887448612 2813.176281153759 1144.450097474542
5.732143796891744 330.5262916666667 3635.0142180234184 1223.3519671886947 1289.9342346209125 1120.5404497383565 4924.94845264433 1184.9035544060523
6.135132073877369 330.5262916666667 2878.1405828190373 1216.5908643606062 1270.1648283225904 1194.3963201788692 4148.305411141628 1233.4178879419383
6.538120350862992 330.5262916666667 2473.2308894391044 1333.0676286557768 1146.398596675398 1291.8980386121484 3619.6294861145025 1321.6928488977521
6.941108627848617 330.5262916666667 2569.5974342206882 1332.1757409360785 1445.0176268610076 1369.2507644002726 4014.6150610816967 1430.594625356167
7.344096904834242 330.5262916666667 2129.452355664099 1323.717356073444 1743.9665935611324 1407.579124763733 3873.4189492252317 1494.0518361844097
7.747085181819865 330.5262916666667 1416.0609756515664 1315.0137806162961 1737.3372759847662 1415.7310042548756 3153.398251636333 1499.45883903548
8.15007345880549 330.5262916666667 1725.75829609416 1505.6709390542906 1585.9572957345779 1416.7107729718948 3311.715591828738 1486.1946526780607
8.553061735791115 330.5262916666667 2838.496565257049 1493.0389120501097 1308.3982170756788 1416.6628912647918 4146.894782332727 1459.6628736545981
8.956050012776739 330.5262916666667 3618.040940685039 1548.3692605719516 968.1931847028136 1416.6155164013544 4586.234125387853 1440.5442677717774
9.359038289762363 330.5262916666667 4614.97532081386 1612.3412792934382 821.7960769041063 1420.305562506638 5436.771397717966 1436.9895576476079
9.762026566747988 330.5262916666667 2242.9905962814923 1608.4632466330502 1254.2265096479769 1440.4001251297327 3497.217105929469 1488.5343385132599
10.165014843733612 330.5262916666667 3076.0916203055185 1859.3408905915098 1642.8274475091255 1499.3547773366847 4718.919067814644 1581.790241716698
10.568003120719236 330.5262916666667 2504.1836838225527 1841.9026206023711 940.7441944302736 1572.9405181904153 3444.9278782528263 1647.6694003275688
0.8962844730642525 351.23558333333335 1564.58327155104 433.2720097766469 1067.7319856397075 1080.0391873870353 2632.3152571907476 935.2482034074889
1.2992727500498769 351.23558333333335 2204.664112070522 1037.113962394494 1626.2332677348018 1220.620443097533 3830.897379805324 1124.3338101509557
1.7022610270355012 351.23558333333335 1080.6903576369698 1046.369281415883 1487.965134661802 1227.2901285229882 2568.6554922987716 1132.1401641312302
2.1052493040211253 351.23558333333335 1896.7481569906217 1107.5822887260047 1128.8593282775535 1227.5423215384826 3025.607485268176 1125.7837730005813
2.5082375810067497 351.23558333333335 2484.6191828818596 1075.7212494191435 1112.5229376388509 1227.4231692902672 3597.1421205207107 1111.3245748591112
2.911225857992374 351.23558333333335 2215.741795680116 1076.580815905958 1125.99998484346 1227.3177730546972 3341.741780523576 1097.8558541543746
3.3142141349779983 351.23558333333335 1873.4123869373448 1179.855277151821 1131.7020646869541 1228.0201214120127 3005.1144516242985 1123.3771157043893
3.7172024119636227 351.23558333333335 3479.7484285333658 1176.3056925593087 1266.7758100938156 1270.967026945911 4746.524238627181 1174.5018528231572
4.120190688949247 351.23558333333335 1914.0544262616484 1278.6983906096189 1562.5226748554435 1421.5500479127709 3476.577101117092 1363.3498159093965
4.523178965934871 351.23558333333335 2010.4148891006266 1263.8301385707769 1755.5724969222088 1582.1975138195044 3765.9873860228345 1497.7065263332895
4.926167242920496 351.23558333333335 2571.490080014995 1349.9371162979933 1775.2437951390189 1672.9018743939823 4346.733875154015 1530.486303288134
5.32915551990612 351.23558333333335 1866.950698457146 1323.7993589077441 1772.460113892734 1695.5849850922368 3639.41081234988 1534.2726792190456
5.732143796891744 351.23558333333335 3820.376297877729 1538.0309174679187 1775.211948955582 1703.8967770090208 5595.588246833311 1543.1367380540255
6.135132073877369 351.23558333333335 3063.502662673348 1531.2698146398302 1626.7689702531525 1732.9915827305917 4690.2716329265 1562.3259239564459
6.538120350862992 351.23558333333335 2658.592969293415 1647.7465789350008 1427.1443707895678 1795.05087426836 4085.737340082983 1622.741459120417
6.941108627848617 351.23558333333335 2754.959514074999 1646.8546912153024 1698.4495911787938 1883.7657946509214 4453.409105253793 1719.2530268814526
7.344096904834242 351.23558333333335 2314.8144355184095 1638.3963063526683 1971.99856640303 1957.100881468676 4286.8130019214395 1795.5419196629568
7.747085181819865 351.23558333333335 1601.4230555058766 1629.6927308955205 1925.8582297615228 1991.7712431030304 3527.2812852673997 1824.5988455515055
8.15007345880549 351.23558333333335 1911.1203759484706 1820.349889333515 1766.4624259102784 1999.9860274822427 3677.582801858749 1818.6443864985677
8.553061735791115 351.23558333333335 3023.8586451113592 1807.717862329334 1588.9053499273323 2000.078349188032 4612.763995038692 1792.2517429267498
8.956050012776739 351.23558333333335 3803.403020539349 1863.0482108511756 1370.1845235938545 2000.0637205069952 5173.587544133203 1773.1995481788201
9.359038289762363 351.23558333333335 4800.3374006681715 1927.0202295726622 1232.281699331316 2006.9649999440035 6032.619099999487 1778.0729520655932
9.762026566747988 351.23558333333335 2428.352676135803 1923.1421969122741 1599.327810428456 2042.7297129790188 4027.680486564259 1866.9188760142813
10.165014843733612 351.23558333333335 3261.453700159829 2174.0198408707342 2140.9029246756504 2137.757640332874 5402.35662483548 2018.0432062597251
10.568003120719236 351.23558333333335 2689.5457636768633 2156.5815708815953 1881.3760591087712 2252.054941361146 4570.9218227856345 2133.5976173613717
0.8962844730642525 371.944875 2356.5301956973935 961.7144201439255 1319.9226589697942 1330.775580787706 3676.4528546671877 1256.6377466864185
1.2992727500498769 371.944875 2996.6110362168756 1565.5563727617725 2265.967878249975 1499.2073663861634 5262.578914466851 1525.6296927800236
1.7022610270355012 371.944875 1872.6372817833233 1574.8116917831617 1969.87953258703 1514.0431001778443 3842.5168143703536 1546.8319277302585
2.1052493040211253 371.944875 2688.695081136975 1636.024699093283 1229.7771684564727 1515.1140952958167 3918.4722495934484 1541.725708054049
2.5082375810067497 371.944875 3276.5661070282126 1604.1636597864222 1233.9639402396297 1514.9997915484132 4510.530047267842 1527.2749158082609
2.911225857992374 371.944875 3007.6887198264694 1605.023226273236 1349.1114160278648 1514.9035199319733 4356.800135854334 1513.8182334165415
3.3142141349779983 371.944875 2665.3593110836982 1708.2976875190993 1428.8439341872256 1515.7951016591255 4094.203245270924 1539.5950072815847
3.7172024119636227 371.944875 4271.695352679719 1704.7481029265873 1656.7195246631914 1568.7248808034105 5928.4148773429115 1604.296906152273
4.120190688949247 371.944875 2706.0013504080025 1807.1408009768975 2069.653501602475 1756.646630931577 4775.654852010477 1841.7968133466748
4.523178965934871 371.944875 2802.36181324698 1792.2725489380555 2364.2467890915404 1971.8369337254146 5166.608602338521 2034.802369034312
4.926167242920496 371.944875 3363.4370041613483 1878.3795266652717 2433.4523136660655 2106.022812323771 5796.889317827414 2104.940092437272
5.32915551990612 371.944875 2658.8976226035 1852.2417692750228 2397.2350639790507 2138.584168088073 5056.132686582551 2113.4381053121283
5.732143796891744 371.944875 4612.3232220240825 2066.473327835197 2240.7809926605896 2139.948883132719 6853.104214684672 2115.5054954532934
6.135132073877369 371.944875 3855.449586819702 2059.712225007109 1920.9134943734707 2151.2067325875423 5776.363081193173 2119.9854281136063
6.538120350862992 371.944875 3450.5398934397685 2176.1889893022794 1652.3151115570417 2194.67777426812 5102.855004996811 2156.5171848668047
6.941108627848617 371.944875 3546.906438221353 2175.297101582581 1911.1705401386128 2296.1775941068177 5458.076978359966 2238.2588276506513
7.344096904834242 371.944875 3106.7613596647634 2166.8387167199467 2162.3765469420096 2427.238288973429 5269.137906606773 2350.9212476789453
7.747085181819865 371.944875 2393.3699796522305 2158.135141262799 2071.6845134336263 2528.535802243579 4465.054493085857 2444.2714778396257
8.15007345880549 371.944875 2703.0673000948245 2348.792299700793 1909.2530402466164 2556.377662954502 4612.32034034144 2458.149319912258
8.553061735791115 371.944875 3815.805569257713 2336.160272696612 1872.087572355213 2556.8376330182336 5687.893141612925 2432.1242753823744
8.956050012776739 371.944875 4595.349944685704 2391.490621218454 1858.4106465251002 2556.869967231176 6453.760591210805 2413.1209233038317
9.359038289762363 371.944875 5592.2843248145255 2455.4626399399403 1825.429936888132 2568.464090996384 7417.714261702657 2423.5455093086543
9.762026566747988 371.944875 3220.2996002821565 2451.584607279553 2156.291810756954 2625.0017081927995 5376.5914110391095 2536.9420043159216
10.165014843733612 371.944875 4053.4006243061826 2702.462251238012 2737.4806576002297 2752.552768960988 6790.881281906412 2726.1507063484028
10.568003120719236 371.944875 3481.492687823217 2685.0239812488735 2718.181056368473 2895.0179472226587 6199.67374419169 2874.3969599226066
0.8962844730642525 392.6541666666667 1868.9150317652825 992.6003268658932 1324.97430355773 1480.607524952187 3193.889335323013 1098.0582891090055
1.2992727500498769 392.6541666666667 2508.995872284765 1596.44227948374 2543.9139035500402 1706.288168804155 5052.909775834805 1475.445255340073
1.7022610270355012 392.6541666666667 1385.0221178512122 1605.6975985051292 2265.714238469398 1736.8958849457524 3650.73635632061 1521.0894573450578
2.1052493040211253 392.6541666666667 2201.079917204864 1666.9106058152506 1397.313374826028 1739.5428811888223 3598.3932920308926 1518.369654655567
2.5082375810067497 392.6541666666667 2788.9509430961016 1635.0495665083897 1414.8113161810866 1739.4345975765123 4203.7622592771895 1503.9278872425903
2.911225857992374 392.6541666666667 2520.0735558943584 1635.909132995204 1635.307108517874 1739.3544700454954 4155.380664412232 1490.4892657644743
3.3142141349779983 392.6541666666667 2177.744147151587 1739.183594241067 1769.8840441430643 1740.3488283232568 3947.6281912946515 1516.3493544212627
3.7172024119636227 392.6541666666667 3784.080188747608 1735.6340096485546 1906.1091314295518 1792.5963594871919 5690.18932017716 1580.0257128018936
4.120190688949247 392.6541666666667 2218.386186475891 1838.026707698865 2140.9428201726737 1982.57548847436 4359.329006648564 1820.6150966401956
4.523178965934871 392.6541666666667 2314.7466493148686 1823.1584556600228 2484.2932085285015 2231.140418010328 4799.039857843371 2061.5359307758254
4.926167242920496 392.6541666666667 2875.821840229237 1909.2654333872392 2843.6484404438106 2411.1197932683044 5719.470280673047 2200.3942425213404
5.32915551990612 392.6541666666667 2171.2824586713887 1883.1276759969903 3020.2862316565806 2456.3439281176497 5191.568690327968 2235.1686521175898
5.732143796891744 392.6541666666667 4124.708058091972 2097.3592345571647 2757.4471231178136 2457.8280341944464 6882.155181209785 2241.893391752003
6.135132073877369 392.6541666666667 3367.8344228875903 2090.598131729076 2218.5135301781525 2463.1075649709055 5586.347953065742 2240.1193366592324
6.538120350862992 392.6541666666667 2962.9247295076575 2207.0748960242468 1878.5330617802606 2494.3219801431405 4841.4577912879195 2258.937082417914
6.941108627848617 392.6541666666667 3059.2912742892413 2206.1830083045484 2131.7660194760883 2600.111904727554 5191.0572937653305 2329.0421610432604
7.344096904834242 392.6541666666667 2619.146195732652 2197.7246234419144 2356.60261637676 2817.1214703475357 4975.748812109412 2516.6049054005694
7.747085181819865 392.6541666666667 1905.7548157201193 2189.0210479847665 2211.203569347029 3042.128319833765 4116.958385067148 2733.3269529238573
8.15007345880549 392.6541666666667 2215.452136162713 2379.678206422761 2047.6062678496344 3107.410236540198 4263.058404012348 2785.0390704956008
8.553061735791115 392.6541666666667 3328.190405325602 2367.04617941858 2184.6348459731753 3108.5594040622727 5512.8252512987765 2759.706160188428
8.956050012776739 392.6541666666667 4107.734780753592 2422.3765279404215 2487.0524814403616 3108.6500614550205 6594.787262193953 2740.7088059271136
9.359038289762363 392.6541666666667 5104.669160882413 2486.348546661908 2759.3082658126837 3126.623968329837 7863.977426695097 2750.654253749668
9.762026566747988 392.6541666666667 2732.684436350046 2482.4705140015203 3237.029800985801 3208.893207215083 5969.714237335846 2861.8959558155984
10.165014843733612 392.6541666666667 3565.7854603740725 2733.34815795998 3803.0863869157274 3356.724266020087 7368.8718472898 3047.7559233383718
10.568003120719236 392.6541666666667 2993.8775238911057 2715.9098879708413 3717.110488392629 3500.334651694349 6710.988012283735 3193.1266754878166
0.8962844730642525 413.36345833333337 3308.6558553475797 1327.0908177214612 1129.4522598239364 1561.2443856388848 4438.108115171516 1895.4921904072194
1.2992727500498769 413.36345833333337 3948.7366958670623 1930.9327703393083 2495.421175482884 1871.5536429068807 6444.157871349946 2401.4213969562593
1.7022610270355012 413.36345833333337 2824.7629414335097 1940.1880893606972 2410.0921982670025 1924.0631191979692 5234.855139700511 2477.9851923961996
2.1052493040211253 413.36345833333337 3640.820740787162 2001.401096670819 1680.4706624939129 1928.8851746789212 5321.291403281074 2478.307840044678
2.5082375810067497 413.36345833333337 4228.691766678399 1969.5400573639579 1704.1622657476312 1928.7814786674726 5932.85403242603 2463.872437709139
2.911225857992374 413.36345833333337 3959.814379476656 1970.399623850772 2000.1000358063357 1928.912112698294 5959.914415282991 2450.6176821192125
3.3142141349779983 413.36345833333337 3617.484970733885 2073.6740850966353 2142.5769037863097 1932.0192161404848 5760.061874520194 2478.1934355004973
3.7172024119636227 413.36345833333337 5223.821012329905 2070.124500504123 2018.788530790176 1977.1034941623393 7242.609543120082 2530.1574172251835
4.120190688949247 413.36345833333337 3658.1270100581883 2172.517198554433 1822.9364938263539 2136.399048808587 5481.063503884543 2730.9048501607
4.523178965934871 413.36345833333337 3754.4874728971663 2157.648946515591 2164.264105790296 2392.1786598263693 5918.751578687463 3000.8188268252547
4.926167242920496 413.36345833333337 4315.562663811535 2243.7559242428074 3000.0477399553392 2611.941855572799 7315.610403766874 3223.456379970938
5.32915551990612 413.36345833333337 3611.023282253686 2217.6181668525587 3582.670138086337 2671.3936983615995 7193.693420340023 3295.7950159715137
5.732143796891744 413.36345833333337 5564.448881674269 2431.849725412733 3293.937977318177 2685.459567850952 8858.386858992448 3322.4308274345867
6.135132073877369 413.36345833333337 4807.575246469888 2425.0886225846443 2551.9316746620634 2700.2462540988963 7359.506921131952 3330.876507000543
6.538120350862992 413.36345833333337 4402.665553089955 2541.565386879815 2159.7460429515704 2723.299453493939 6562.411596041526 3340.6381558303174
6.941108627848617 413.36345833333337 4499.032097871539 2540.673499160117 2397.4972541732714 2822.331221388515 6896.52935204481 3402.9898754319156
7.344096904834242 413.36345833333337 4058.8870193149496 2532.2151142974826 2597.0363486112537 3136.7237252836403 6655.923367926203 3688.4763764594777
7.747085181819865 413.36345833333337 3345.4956393024167 2523.5115388403347 2423.667663029495 3517.750862073992 5769.163302331912 4062.808129783255
8.15007345880549 413.36345833333337 3655.1929597450103 2714.168697278329 2271.3984342703816 3630.7632584802623 5926.591394015392 4162.754953341931
8.553061735791115 413.36345833333337 4767.931228907899 2701.5366702741485 2563.4263457031184 3632.7821384476047 7331.357574611018 4138.297358482348
8.956050012776739 413.36345833333337 5547.475604335889 2756.8670187959897 3209.461103929746 3632.9279394426703 8756.936708265635 4119.260833577871
9.359038289762363 413.36345833333337 6544.409984464712 2820.8390375174768 3923.2156326725153 3657.7441525400754 10467.625617137226 4123.051163326154
9.762026566747988 413.36345833333337 4172.425259932343 2816.9610048570885 4686.956436940241 3765.8593933282746 8859.381696872582 4207.018878499167
10.165014843733612 413.36345833333337 5005.526283956369 3067.8386488155484 5200.930772797366 3918.636488930989 10206.457056753738 4350.561120093913
10.568003120719236 413.36345833333337 4433.6183474734025 3050.4003788264095 4813.974645405599 4037.378953881307 9247.592992879003 4459.604993137358
0.8962844730642525 434.07275000000004 2158.1853393151455 1319.31930737268 868.5289024569182 1572.226344820525 3026.7142417720634 1195.2789098791388
1.2992727500498769 434.07275000000004 2798.266179834628 1923.161259990527 2275.279705635331 1979.1869614036948 5073.545885469959 1829.6509332645235
1.7022610270355012 434.07275000000004 1674.292425401075 1932.4165790119162 2439.4343665186343 2054.9512932514963 4113.726791919709 1932.5184545911657
2.1052493040211253 434.07275000000004 2490.3502247547276 1993.6295863220375 1978.9208483638017 2062.0632289149894 4469.271073118529 1935.3750920336347
2.5082375810067497 434.07275000000004 3078.2212506459646 1961.7685470151764 1995.5249370804981 2061.961026126363 5073.746187726463 1920.940135431833
2.911225857992374 434.07275000000004 2809.343863444222 1962.6281135019906 2305.3490075136474 2062.836714769528 5114.692870957869 1908.3243695288293
3.3142141349779983 434.07275000000004 2467.0144547014506 2065.902574747854 2424.0442148416164 2073.896289825076 4891.058669543067 1942.5872337683
3.7172024119636227 434.07275000000004 4073.350496297471 2062.3529901553416 2043.1343837404163 2117.538831759405 6116.484880037888 1985.5815500462788
4.120190688949247 434.07275000000004 2507.656494025754 2164.745688205652 1407.665057607924 2233.759915222065 3915.321551633678 2128.699999904692
4.523178965934871 434.07275000000004 2604.016956864732 2149.87743616681 1724.38563025022 2473.7787489735438 4328.4025871149515 2402.975086883357
4.926167242920496 434.07275000000004 3165.0921477791003 2235.984413894026 3001.2415911950666 2715.1736384916167 6166.333738974167 2692.787908638381
5.32915551990612 434.07275000000004 2460.5527662212517 2209.846656503777 3964.6070808612985 2790.633447975857 6425.15984708255 2803.946547884523
5.732143796891744 434.07275000000004 4413.978365641835 2424.0782150639516 3734.28009142588 2849.768181612006 8148.258457067714 2883.7677567341448
6.135132073877369 434.07275000000004 3657.104730437454 2417.3171122358635 2925.6897257598193 2908.6846021574984 6582.794456197273 2938.690694066445
6.538120350862992 434.07275000000004 3252.1950370575205 2533.7938765310337 2547.6827288343825 2932.3115199223107 5799.8777658919025 2950.7862803937523
6.941108627848617 434.07275000000004 3348.5615818391043 2532.9019888113353 2736.228916549709 3017.09383766359 6084.790498388813 3006.0653149415584
7.344096904834242 434.07275000000004 2908.416503282515 2524.4436039487014 2926.7488370779374 3405.0156684025787 5835.165340360452 3371.6974278261478
7.747085181819865 434.07275000000004 2195.025123269982 2515.7400284915534 2823.89689468616 3914.964376852571 5018.922017956142 3877.127336963141
8.15007345880549 434.07275000000004 2504.722443712576 2706.3971869295474 2717.4700355054356 4067.7350466023627 5222.192479218011 4017.253611307255
8.553061735791115 434.07275000000004 3617.460712875465 2693.765159925367 3053.7959239281245 4070.468009808623 6671.25663680359 3993.5161511759943
8.956050012776739 434.07275000000004 4397.005088303455 2749.095508447209 3895.32226093266 4070.6415404291065 8292.327349236115 3974.4120090279694
9.359038289762363 434.07275000000004 5393.939468432276 2813.067527168695 4983.435608717809 4100.351812625835 10377.375077150085 3969.6361803844666
9.762026566747988 434.07275000000004 3021.9547438999084 2809.189494508307 5964.402655377458 4225.682941405329 8986.357399277365 4015.692269063852
10.165014843733612 434.07275000000004 3855.055767923935 3060.0671384667667 6373.270938891799 4369.6297831355405 10228.326706815735 4100.420228191451
10.568003120719236 434.07275000000004 3283.1478314409687 3042.628868477628 5670.643554685401 4451.3526176343385 8953.79138612637 4158.977913812461
0.8962844730642525 454.78204166666666 2670.8163795939936 1309.3509402954112 679.9433102577987 1512.1265201671652 3350.7596898517922 1539.9271427473789
1.2992727500498769 454.78204166666666 3310.8972201134757 1913.1928929132582 2041.7751418391135 2012.0022363328167 5352.672361952589 2282.0422158906126
1.7022610270355012 454.78204166666666 2186.9234656799235 1922.4482119346474 2390.1877883871803 2107.502008684509 4577.111254067104 2395.320361738835
2.1052493040211253 454.78204166666666 3002.9812650335753 1983.6612192447687 2187.881776873789 2116.526926767218 5190.863041907364 2399.0210647000868
2.5082375810067497 454.78204166666666 3590.852290924813 1951.8001799379076 2177.777604017743 2116.4220195611633 5768.629894942556 2384.5780591249604
2.911225857992374 454.78204166666666 3321.9749037230695 1952.6597464247218 2408.391114828549 2118.9206733491546 5730.366018551618 2373.3494026839235
3.3142141349779983 454.78204166666666 2979.6454949802983 2055.9342076705852 2488.1916990209556 2147.647273768464 5467.837194001254 2422.6503368725485
3.7172024119636227 454.78204166666666 4585.981536576319 2052.3846230780728 2028.8517969892598 2207.9984833433637 6614.833333565579 2473.1193767564823
4.120190688949247 454.78204166666666 3020.287534304602 2154.777321128383 1194.3289075040755 2289.6275575402437 4214.616441808677 2566.62947269332
4.523178965934871 454.78204166666666 3116.64799714358 2139.909069089541 1492.8049131388466 2494.3456688915767 4609.452910282426 2815.010498639155
4.926167242920496 454.78204166666666 3677.723188057948 2226.0160468167574 2948.8871857974636 2726.977588022995 6626.610373855412 3123.2991443012406
5.32915551990612 454.78204166666666 2973.1838065000998 2199.878289426508 4044.594465242433 2820.4812473532 7017.778271742534 3264.514752351658
5.732143796891744 454.78204166666666 4926.609405920683 2414.109847986683 3960.0096567922355 2977.6008226716913 8886.61906271292 3449.209666225639
6.135132073877369 454.78204166666666 4169.735770716301 2407.3487451585943 3343.3728213630257 3134.83953781512 7513.108592079328 3606.969364382323
6.538120350862992 454.78204166666666 3764.8260773363686 2523.825509453765 3093.851725813838 3172.6176073743036 6858.677803150207 3635.5234914075163
6.941108627848617 454.78204166666666 3861.1926221179524 2522.9336217340665 3175.4153484532917 3239.401786936064 7036.607970571245 3681.092880915475
7.344096904834242 454.78204166666666 3421.0475435613635 2514.4752368714326 3388.682562435746 3641.1904343099777 6809.7301059971105 4067.5680983006732
7.747085181819865 454.78204166666666 2707.6561635488306 2505.7716614142846 3527.538271750431 4192.5649378965645 6235.194435299261 4615.811481604785
8.15007345880549 454.78204166666666 3017.353483991424 2696.428819852279 3523.786908251882 4358.552620216962 6541.140392243307 4769.296911385885
8.553061735791115 454.78204166666666 4130.091753154313 2683.7967928480975 3701.1459614651912 4361.502547234233 7831.237714619505 4745.780707780561
8.956050012776739 454.78204166666666 4909.636128582303 2739.1271413699396 4411.818216796855 4361.655141063358 9321.45434537916 4726.601967056793
9.359038289762363 454.78204166666666 5906.570508711124 2803.099160091426 5599.773684998184 4391.8740017895625 11506.344193709307 4714.20830455177
9.762026566747988 454.78204166666666 3534.5857841787565 2799.2211274310384 6516.534334510462 4516.942196254589 10051.120118689218 4726.5811825455585
10.165014843733612 454.78204166666666 4367.686808202783 3050.0987713894983 6750.225621328707 4639.984248972157 11117.91242953149 4759.061628743371
10.568003120719236 454.78204166666666 3795.7788717198164 3032.660501400359 5941.056078633698 4686.777621991541 9736.834950353516 4772.772959760839
0.8962844730642525 475.49133333333333 2385.1462701777737 1287.9635291977338 642.8380965052258 1382.9046604600055 3027.9843666829993 914.0818058846995
1.2992727500498769 475.49133333333333 3025.2271106972557 1891.8054818155806 1892.3827285295947 1957.0869401961345 4917.60983922685 1726.0224606692004
1.7022610270355012 475.49133333333333 1901.2533562637032 1901.0608008369695 2284.4061405896664 2066.000709812973 4185.65949685337 1829.5344063285395
2.1052493040211253 475.49133333333333 2717.3111556173553 1962.2738081470911 2236.1669568157467 2077.2836499363348 4953.478112433102 1833.109092168723
2.5082375810067497 475.49133333333333 3305.1821815085923 1930.4127688402302 2180.265711867103 2077.4400070351157 5485.447893375696 1818.9942600716263
2.911225857992374 475.49133333333333 3036.3047943068495 1931.2723353270444 2232.2216422423917 2082.4471949054614 5268.52643654924 1810.069981393298
3.3142141349779983 475.49133333333333 2693.9753855640784 2034.5467965729076 2276.372688732322 2138.6725901777736 4970.3480742964 1883.0749023310855
3.7172024119636227 475.49133333333333 4300.311427160099 2030.9972119803952 2015.7302186484985 2238.008429236701 6316.0416458085965 1963.1181622961938
4.120190688949247 475.49133333333333 2734.6174248883817 2133.3899100307053 1349.678158954186 2306.3854756592978 4084.295583842568 2031.606602294882
4.523178965934871 475.49133333333333 2830.9778877273598 2118.5216579918633 1644.0863618264993 2461.4970441710648 4475.06424955386 2224.174133262454
4.926167242920496 475.49133333333333 3392.0530786417276 2204.6286357190797 2897.1208685665065 2650.635807813666 6289.173947208234 2486.4227575664736
5.32915551990612 475.49133333333333 2687.5136970838794 2178.490878328831 3761.359632256742 2762.879887312828 6448.873329340621 2641.874801197988
5.732143796891744 475.49133333333333 4640.939296504463 2392.722436889005 3889.989559621889 3071.693802803523 8530.92885612635 2982.711932063276
6.135132073877369 475.49133333333333 3884.065661300081 2385.9613340609167 3760.8419005536553 3382.422313208252 7644.907561853737 3300.492990115362
6.538120350862992 475.49133333333333 3479.155967920148 2502.4380983560873 3772.0905401981845 3450.1572012213264 7251.246508118333 3359.8571175757434
6.941108627848617 475.49133333333333 3575.522512701732 2501.546210636389 3678.5508106930806 3499.2827834465425 7254.073323394812 3392.064469558324
7.344096904834242 475.49133333333333 3135.3774341451426 2493.087825773755 3949.5039071491583 3839.1324628521584 7084.8813412943 3720.38350175955
7.747085181819865 475.49133333333333 2421.98605413261 2484.384250316607 4523.3924040727525 4315.067857540975 6945.378458205363 4193.504779752453
8.15007345880549 475.49133333333333 2731.6833745752037 2675.0414087546014 4677.834868842776 4458.645364383266 7409.51824341798 4324.512647702844
8.553061735791115 475.49133333333333 3844.421643738093 2662.4093817504204 4455.686400088123 4461.258008773657 8300.108043826216 4300.6940002494
8.956050012776739 475.49133333333333 4623.966019166082 2717.739730272262 4640.857200132534 4462.983652193527 9264.823219298618 4283.57194014556
9.359038289762363 475.49133333333333 5620.900399294904 2781.7117489937486 5570.4070320385545 4491.692373050481 11191.307431333458 4271.080815305976
9.762026566747988 475.49133333333333 3248.9156747625366 2777.833716333361 6070.730718319991 4597.200723742353 9319.646393082527 4265.90327250769
10.165014843733612 475.49133333333333 4082.0166987865623 3028.7113602918207 6068.481203253714 4690.681918521925 10150.497902040277 4268.277463325456
10.568003120719236 475.49133333333333 3510.1087623035964 3011.2730903026813 5462.411527148071 4714.532488881509 8972.520289451668 4256.062403624285
0.8962844730642525 496.200625 2608.6857784589483 1263.157686894571 682.5978261678908 1195.4070878486496 3291.2836046268394 1261.767970656516
1.2992727500498769 496.200625 3248.766618978431 1866.999639512418 1765.0102539859245 1812.7419106492061 5013.776872964356 2097.275145271825
1.7022610270355012 496.200625 2124.7928645448783 1876.254958533807 2106.374674373963 1931.379184199861 4231.167538918842 2184.9114242977857
2.1052493040211253 496.200625 2940.8506638985305 1937.4679658439288 2140.745449311438 1949.1717760701176 5081.596113209969 2193.0989072361463
2.5082375810067497 496.200625 3528.721689789768 1905.6069265370677 2038.5212011510393 1950.8281002942572 5567.242890940808 2180.9044892731636
2.911225857992374 496.200625 3259.8443025880247 1906.4664930238819 1872.1240074598795 1958.3554876809717 5131.968310047903 2175.0460275232126
3.3142141349779983 496.200625 2917.5148938452535 2009.740954269745 1906.924109017169 2042.1686311190183 4824.439002862422 2272.6943684871176
3.7172024119636227 496.200625 4523.8509354412745 2006.1913696772328 2017.540252518778 2185.102554723045 6541.391187960053 2388.9521249291765
4.120190688949247 496.200625 2958.156933169557 2108.584067727543 1692.9113054102936 2253.391386176724 4651.068238579851 2449.3215915390547
4.523178965934871 496.200625 3054.517396008535 2093.715815688701 1949.7908976486406 2354.54429990281 5004.308293657175 2572.1281168492587
4.926167242920496 496.200625 3615.592586922903 2179.822793415917 2775.383533863148 2481.8723378202935 6390.976120786051 2750.721013549304
5.32915551990612 496.200625 2911.053205365055 2153.6850360256685 3211.6742228841795 2608.028954596015 6122.727428249235 2905.301991393394
5.732143796891744 496.200625 4864.478804785637 2367.9165945858426 3541.028521236568 3071.5167467424117 8405.507326022205 3403.7099261330736
6.135132073877369 496.200625 4107.605169581257 2361.155491757754 4008.728853175009 3543.0838127232914 8116.334022756266 3888.9391921397273
6.538120350862992 496.200625 3702.695476201324 2477.632256052925 4352.426488526946 3651.949543819048 8055.12196472827 3987.111359908227
6.941108627848617 496.200625 3799.0620209829076 2476.740368333227 4041.2973041868677 3688.751219748219 7840.359325169775 4007.3298622574744
7.344096904834242 496.200625 3358.9169424263187 2468.2819834705924 4375.729570821979 3926.3157802648802 7734.646513248297 4236.072551487681
7.747085181819865 496.200625 2645.5255624137853 2459.5784080134445 5467.412956664804 4261.995820294784 8112.938519078589 4570.774494281745
8.15007345880549 496.200625 2955.222882856379 2650.235566451439 5772.237790411835 4363.3339112924905 8727.460673268213 4660.032188965562
8.553061735791115 496.200625 4067.961152019268 2637.603539447258 5017.840722427834 4365.744073153462 9085.801874447101 4636.1993089571715
8.956050012776739 496.200625 4847.505527447258 2692.9338879690995 4502.988601679481 4376.645518894789 9350.494129126739 4630.957973293524
9.359038289762363 496.200625 5844.439907576079 2756.905906690586 5056.602286388552 4416.7977950887525 10901.04219396463 4640.891933195184
9.762026566747988 496.200625 3472.4551830437117 2753.0278740301983 5089.65533537019 4500.079766251162 8562.110518413901 4638.429635151035
10.165014843733612 496.200625 4305.556207067738 3003.905517988658 4869.162401419191 4563.267176253687 9174.718608486928 4628.762487136179
10.568003120719236 496.200625 3733.6482705847716 2986.4672479995193 4552.7875103466295 4574.655723841151 8286.4357809314 4605.715146583832
0.8962844730642525 516.9099166666667 2686.8000523364717 1210.2879409816564 699.6920316301245 961.9201093646045 3386.492083966596 771.3010195293748
1.2992727500498769 516.9099166666667 3326.880892855954 1814.1298935995032 1571.7091144919484 1579.0850047573404 4898.590007347902 1577.2123474331534
1.7022610270355012 516.9099166666667 2202.9071384224017 1823.3852126208926 1834.2586260582038 1707.2666013596481 4037.1657644806046 1659.9044702728972
2.1052493040211253 516.9099166666667 3018.9649377760534 1884.598219931014 1932.8710861527356 1740.2431075159443 4951.836023928789 1683.9608904412867
2.5082375810067497 516.9099166666667 3606.835963667291 1852.737180624153 1805.2825262452625 1745.7273283805628 5412.118489912553 1676.6828131596556
2.911225857992374 516.9099166666667 3337.958576465548 1853.596747110967 1451.2992851805284 1754.7698284727755 4789.257861646076 1674.4431188227563
3.3142141349779983 516.9099166666667 2995.6291677227764 1956.8712083568303 1526.8613965514833 1854.919132611341 4522.49056427426 1788.6447903272579
3.7172024119636227 516.9099166666667 4601.965209318798 1953.3216237643182 2043.8363955956365 2024.8715398884308 6645.801604914434 1928.8767231631784
4.120190688949247 516.9099166666667 3036.27120704708 2055.7143218146284 1986.909398201956 2094.651490916941 5023.1806052490365 1986.4163874750477
4.523178965934871 516.9099166666667 3132.6316698860583 2040.8460697757864 2116.176551480467 2148.2121101708963 5248.808221366526 2044.0200152491004
4.926167242920496 516.9099166666667 3693.7068608004265 2126.9530475030024 2492.910361647974 2215.186505503624 6186.6172224484 2135.1634269832434
5.32915551990612 516.9099166666667 2989.167479242578 2100.8152901127537 2517.9194570918417 2344.2251611647225 5507.086936334419 2275.738010274347
5.732143796891744 516.9099166666667 4942.593078663161 2315.046848672928 2945.8064560452476 2906.287512981452 7888.399534708408 2875.297347706993
6.135132073877369 516.9099166666667 4185.71944345878 2308.2857458448398 3897.3733900489688 3490.316601591334 8083.092833507748 3477.4474483799213
6.538120350862992 516.9099166666667 3780.8097500788463 2424.76251014001 4571.8613802203345 3645.743980680374 8352.67113029918 3615.006005120241
6.941108627848617 516.9099166666667 3877.176294860431 2423.8706224203115 4032.121204843809 3680.6985495462172 7909.29749970424 3630.6133149140715
7.344096904834242 516.9099166666667 3437.0312163038416 2415.4122375576776 4401.443896345412 3819.4532354846688 7838.475112649252 3765.219653642892
7.747085181819865 516.9099166666667 2723.6398362913087 2406.70866210053 5961.618905802197 4015.303312909714 8685.258742093505 3966.501653591862
8.15007345880549 516.9099166666667 3033.3371567339027 2597.365820538524 6335.635915386809 4074.4028911707587 9368.97307212071 4015.4457511711853
8.553061735791115 516.9099166666667 4146.075425896792 2584.733793534343 5047.55688585278 4077.5553274770414 9193.632311749572 3992.8343463463452
8.956050012776739 516.9099166666667 4925.619801324781 2640.064142056185 3925.02324580089 4111.951581886019 8850.643047125672 4017.890598245098
9.359038289762363 516.9099166666667 5922.554181453603 2704.0361607776713 4278.461286894389 4193.516163278291 10201.015468347989 4089.140387843678
9.762026566747988 516.9099166666667 3550.5694569212346 2700.1581281172835 4155.1175547878665 4271.524990865372 7705.687011709102 4112.532578182051
10.165014843733612 516.9099166666667 4383.670480945261 2951.0357720757434 3823.7455305213034 4312.338771314275 8207.416011466565 4101.6284365217125
10.568003120719236 516.9099166666667 3811.7625444622945 2933.5975020866044 3608.1834034244894 4318.392551431677 7419.945947886785 4076.2452084190622
0.8962844730642525 537.6192083333333 2282.255314889839 1134.776142670224 605.5662386203401 696.648667808892 2887.8215535101795 683.9415017695117
1.2992727500498769 537.6192083333333 2922.3361554093212 1738.6180952880713 1237.158052982484 1260.328006442799 4159.494208391805 1402.2247388106646
1.7022610270355012 537.6192083333333 1798.3624009757687 1747.8734143094603 1453.1650230469209 1400.7128803339242 3251.52742402269 1505.5615611433896
2.1052493040211253 537.6192083333333 2614.420200329421 1809.0864216195819 1644.5082388727797 1460.9180796833498 4258.928439202201 1561.8734904344046
2.5082375810067497 537.6192083333333 3202.2912262206582 1777.2253823127207 1531.186922878238 1473.3833854064073 4733.478149098897 1563.5725878593075
2.911225857992374 537.6192083333333 2933.413839018915 1778.0849487995351 1084.4292120018567 1482.0415943071534 4017.843051020772 1565.240548936728
3.3142141349779983 537.6192083333333 2591.084430276144 1881.3594100453984 1268.8699106144093 1577.3100589937349 3859.954340890553 1679.8821999708373
3.7172024119636227 537.6192083333333 4197.420471872165 1877.809825452886 2097.6287250151104 1738.9601221929668 6295.049196887275 1815.055149622363
4.120190688949247 537.6192083333333 2631.7264696004477 1980.2025235031963 2016.2927708571592 1801.3089939613892 4648.019240457608 1864.432340386849
4.523178965934871 537.6192083333333 2728.0869324394253 1965.334271464354 1883.419286661957 1823.3594804006161 4611.506219101382 1878.2894773985909
4.926167242920496 537.6192083333333 3289.162123353794 2051.4412491915705 1976.0112762287733 1849.535209922794 5265.173399582567 1909.2737548386672
5.32915551990612 537.6192083333333 2584.6227417959453 2025.3034918013216 1800.0405365706024 1965.1273370474523 4384.663278366547 2024.9178288480302
5.732143796891744 537.6192083333333 4538.048341216529 2239.535050361496 2147.421644657563 2517.441369569267 6685.4699858740905 2618.0028862030676
6.135132073877369 537.6192083333333 3781.1747060121475 2232.7739475334074 3269.642746567146 3115.8203097995347 7050.817452579293 3234.826200926742
6.538120350862992 537.6192083333333 3376.265012632214 2349.2507118285785 4202.3896103202915 3317.168137114216 7578.654622952505 3405.076645134971
6.941108627848617 537.6192083333333 3472.631557413798 2348.35882410888 3455.5852615088497 3364.869859358476 6928.216818922647 3428.5014901806117
7.344096904834242 537.6192083333333 3032.4864788572086 2339.9004392462457 3801.3243725859825 3448.023767063176 6833.8108514431915 3516.706786626085
7.747085181819865 537.6192083333333 2319.0950988446757 2331.1968637890977 5657.095776514299 3563.7574682718378 7976.190875358974 3651.3004696660482
8.15007345880549 537.6192083333333 2628.7924192872697 2521.854022227092 5955.858738105 3598.6428061741335 8584.651157392269 3680.088150595133
8.553061735791115 537.6192083333333 3741.530688450159 2509.221995222911 4256.668525451825 3604.151771157212 7998.199213901982 3660.7078080712326
8.956050012776739 537.6192083333333 4521.075063878148 2564.5523437447528 2859.111545226768 3681.452109727873 7380.186609104917 3740.984333346745
9.359038289762363 537.6192083333333 5518.00944400697 2628.5243624662394 3442.1300280770893 3847.755217597687 8960.139472084058 3924.630250106782
9.762026566747988 537.6192083333333 3146.024719474602 2624.6463298058516 3784.7544396480207 3954.1609618443867 6930.779159122623 3998.2899325409344
10.165014843733612 537.6192083333333 3979.1257434986287 2875.5239737643114 3527.7654664791053 3988.0819141030524 7506.891209977734 3990.0561451966078
10.568003120719236 537.6192083333333 3407.217807015662 2858.0857037751725 2985.9690677794633 3992.6987033729683 6393.186874795127 3964.63611549979
0.8962844730642525 558.3285000000001 2266.6993497588664 1055.2057340665638 419.49413147920836 432.64638378225044 2686.1934812380746 349.47633785647054
1.2992727500498769 558.3285000000001 2906.7801902783485 1659.0476866844108 810.086865891509 900.9014370705795 3716.8670561698573 937.205750332686
1.7022610270355012 558.3285000000001 1782.806435844796 1668.3030057058 1016.3970483774117 1052.3733835186658 2799.2034842222083 1078.0166756454937
2.1052493040211253 558.3285000000001 2598.864235198448 1729.5160130159215 1314.601621422909 1144.8865791845224 3913.4658566213566 1174.4762695646673
2.5082375810067497 558.3285000000001 3186.7352610896855 1697.6549737090604 1246.2292547878849 1165.7181951357773 4432.96451587757 1186.9501240677728
2.911225857992374 558.3285000000001 2917.8578738879423 1698.5145401958744 802.5015470073779 1172.4011948619586 3720.3594208953205 1192.004609042599
3.3142141349779983 558.3285000000001 2575.528465145171 1801.7890014417378 1124.8563301385507 1245.11566561943 3700.3847952837214 1292.8351374620477
3.7172024119636227 558.3285000000001 4181.864506741192 1798.2394168492256 2117.6349372134814 1368.4880987396648 6299.499443954674 1397.6332294636222
4.120190688949247 558.3285000000001 2616.1705044694745 1900.6321148995357 1779.2484652212233 1414.6210095644951 4395.418969690698 1432.6355905099813
4.523178965934871 558.3285000000001 2712.530967308453 1885.7638628606937 1324.9048350670462 1421.1090871132767 4037.4358023754994 1425.3106290550081
4.926167242920496 558.3285000000001 3273.606158222821 1971.8708405879102 1318.7384903802758 1427.666533519499 4592.344648603097 1427.6136823940776
5.32915551990612 558.3285000000001 2569.066776664972 1945.733083197661 1154.051219465847 1517.0717601584352 3723.11799613082 1511.962689475854
5.732143796891744 558.3285000000001 4522.492376085555 2159.9646417578356 1291.3223972384626 1966.4374160279958 5813.8147733240185 2004.9896268074451
6.135132073877369 558.3285000000001 3765.6187408811743 2153.203538929747 2287.9545594941833 2490.160771498583 6053.573300375358 2543.760848413809
6.538120350862992 558.3285000000001 3360.7090475012415 2269.6803032249177 3359.772735016562 2727.485859145415 6720.481782517803 2734.1783948111743
6.941108627848617 558.3285000000001 3457.0755922828253 2268.7884155052197 2470.862990748101 2796.5803244560066 5927.938583030926 2773.5343872080434
7.344096904834242 558.3285000000001 3016.9305137262363 2260.3300306425854 2748.8355544717983 2866.920377931024 5765.766068198034 2860.524331127289
7.747085181819865 558.3285000000001 2303.539133713703 2251.6264551854374 4686.958868787326 2963.052854891017 6990.49800250103 2992.4050025903025
8.15007345880549 558.3285000000001 2613.2364541562965 2442.283613623432 4802.210963663087 2992.0218442984915 7415.447417819383 3020.3782092197134
8.553061735791115 558.3285000000001 3725.9747233191856 2429.6515866192503 2866.7341742391077 3000.7912141345523 6592.708897558294 3005.3067814324077
8.956050012776739 558.3285000000001 4505.519098747176 2484.9819351410924 1506.340028802737 3129.5215100986507 6011.859127549913 3151.72943389666
9.359038289762363 558.3285000000001 5502.4534788759975 2548.953953862579 2616.652289807017 3401.3147394219004 8119.105768683015 3469.9903156665687
9.762026566747988 558.3285000000001 3130.4687543436294 2545.0759212021912 3865.7743183727544 3557.98572929531 6996.243072716385 3603.887641989197
10.165014843733612 558.3285000000001 3963.5697783676555 2795.953565160651 3830.7083906653525 3597.3232103642863 7794.2781690330075 3598.90631199536
10.568003120719236 558.3285000000001 3391.6618418846892 2778.5152951715118 2664.0180212647083 3602.3899337116527 6055.679863149398 3573.4848795114144
0.8962844730642525 579.0377916666666 1892.4705376331635 975.5408460497491 221.9515334340002 213.66519093623566 2114.422071067164 255.7078494349098
1.2992727500498769 579.0377916666666 2532.5513781526456 1579.382798667596 409.6354345788301 568.0635541600661 2942.186812731476 696.4026037311841
1.7022610270355012 579.0377916666666 1408.5776237190933 1588.6381176889854 615.9653121847261 721.9775726730443 2024.5429359038199 869.4664531850258
2.1052493040211253 579.0377916666666 2224.635423072745 1649.851124999107 986.057917351763 839.0459905862497 3210.6933404245083 997.7381290600803
2.5082375810067497 579.0377916666666 2812.5064489639826 1617.9900856922459 968.6879905350831 866.3892937652099 3781.194439499066 1018.6320429274517
2.911225857992374 579.0377916666666 2543.6290617622394 1618.8496521790598 589.0002200238774 870.497350693016 3132.6292817861167 1025.4320212423993
3.3142141349779983 579.0377916666666 2201.299653019468 1722.124113424923 1006.822822491739 914.1962329531539 3208.1224755112075 1105.6734864271102
3.7172024119636227 579.0377916666666 3807.6356946154892 1718.5745288324108 2006.0810434904497 988.3326905493752 5813.716738105939 1170.1394643669837
4.120190688949247 579.0377916666666 2241.941692343772 1820.9672268827212 1395.1817606778923 1015.6405765658421 3637.1234530216643 1189.2045016070763
4.523178965934871 579.0377916666666 2338.3021551827496 1806.0989748438792 703.1453199932675 1016.7886383887565 3041.447475176017 1175.4074023592377
4.926167242920496 579.0377916666666 2899.377346097118 1892.2059525710954 710.3529913572247 1017.1839779680447 3609.7303374543426 1169.4285007307867
5.32915551990612 579.0377916666666 2194.8379645392697 1866.0681951808465 662.382026014809 1076.2938787509515 2857.2199905540792 1222.0103353571599
5.732143796891744 579.0377916666666 4148.263563959852 2080.299753741021 581.0498338877944 1382.8590275614065 4729.313397847647 1572.4713108507951
6.135132073877369 579.0377916666666 3391.3899287554714 2073.538650912932 1296.0999425955397 1785.4264139189636 4687.489871351011 1984.748084756045
6.538120350862992 579.0377916666666 2986.4802353755385 2190.015415208103 2354.8909679256276 2037.6502809413219 5341.371203301167 2177.7964499369127
6.941108627848617 579.0377916666666 3082.8467801571223 2189.1235274884048 1438.401284617624 2125.1209766740703 4521.248064774745 2231.565936282907
7.344096904834242 579.0377916666666 2642.7017016005334 2180.6651426257704 1643.7893788893737 2202.2197867127697 4286.491080489906 2334.5230817539655
7.747085181819865 579.0377916666666 1929.310321588 2171.9615671686224 3457.91855845842 2306.871356122217 5387.22888004642 2488.306695205283
8.15007345880549 579.0377916666666 2239.007642030594 2362.618725606617 3374.0365658053856 2338.4209354211002 5613.044207835978 2522.9037912689346
8.553061735791115 579.0377916666666 3351.745911193483 2349.986698602436 1388.6269041977584 2349.861005386985 4740.3728153912425 2511.3193072097065
8.956050012776739 579.0377916666666 4131.290286621473 2405.3170471242775 209.0887701077928 2518.597240322419 4340.379056729265 2709.1800155761225
9.359038289762363 579.0377916666666 5128.224666750294 2469.289065845764 1793.254063997285 2873.6628756415876 6921.478730747578 3132.113113999378
9.762026566747988 579.0377916666666 2756.2399422179265 2465.4110331853763 3927.560740839329 3074.4788739733344 6683.800683057256 3312.854798929686
10.165014843733612 579.0377916666666 3589.340966241953 2716.288677143836 4158.611021831655 3122.2793737863767 7747.951988073608 3310.4100737685058
10.568003120719236 579.0377916666666 3017.433029758987 2698.850407154697 2404.8056127996465 3128.36378441109 5422.238642558634 3284.9916319765143
0.8962844730642525 599.7470833333333 1481.4927254853333 283.2465460392372 93.60172316846146 83.23406234554233 1575.0944486537946 111.99222632866258
1.2992727500498769 599.7470833333333 2121.5735660048153 887.0884986570842 154.92543717742276 328.89809437305405 2276.499003182238 415.6385838497547
1.7022610270355012 599.7470833333333 997.5998115712628 896.3438176784733 343.6939736921519 469.1161535120006 1341.2937852634145 593.6984620556075
2.1052493040211253 599.7470833333333 1813.657610924915 957.556824988595 701.6513086129763 590.1948967776237 2515.3089195378907 729.2629081453281
2.5082375810067497 599.7470833333333 2401.5286368161524 925.6957856817338 716.6984525141673 618.9652020030397 3118.22708933032 752.0824849132738
2.911225857992374 599.7470833333333 2132.6512496144087 926.555352168548 426.9534372472805 620.8924998382968 2559.6046868616895 757.8744830646966
3.3142141349779983 599.7470833333333 1790.321840871638 1029.829813414411 826.5790704964392 640.3552124085099 2616.900911368077 818.2530597962586
3.7172024119636227 599.7470833333333 3396.657882467659 1026.280228821899 1665.972186178741 673.3718336981096 5062.630068646399 847.8451249507411
4.120190688949247 599.7470833333333 1830.9638801959416 1128.6729268722092 984.5056271352269 685.4574541459401 2815.4695073311686 854.1013673939653
4.523178965934871 599.7470833333333 1927.3243430349194 1113.8046748333672 281.18313860956187 685.721761503803 2208.5074816444817 840.615184332238
4.926167242920496 599.7470833333333 2488.3995339492876 1199.9116525605834 339.84126739323284 685.6132236034276 2828.24080134252 835.5443760936836
5.32915551990612 599.7470833333333 1783.8601523914392 1173.7738951703343 406.4378364092819 718.969573480548 2190.297988800721 861.7737383167771
5.732143796891744 599.7470833333333 3737.285751812022 1388.0054537305086 219.1295559238295 896.4129413828981 3956.4153077358524 1078.4317210935621
6.135132073877369 599.7470833333333 2980.412116607641 1381.2443509024206 637.7051902759683 1174.0401463479288 3618.117306883609 1360.274602335065
6.538120350862992 599.7470833333333 2575.5024232277083 1497.7211151975912 1499.2563779324514 1409.048306076177 4074.758801160159 1533.4888071095327
6.941108627848617 599.7470833333333 2671.868968009292 1496.8292274778928 718.7288973104473 1500.236974533154 3390.59786531974 1590.5347959189269
7.344096904834242 599.7470833333333 2231.7238894527027 1488.3708426152584 886.0767616218233 1580.3183200370677 3117.800651074526 1698.5130848191693
7.747085181819865 599.7470833333333 1518.3325094401698 1479.6672671581107 2377.734832075937 1689.0087090473266 3896.0673415161073 1859.2653646316767
8.15007345880549 599.7470833333333 1828.0298298827636 1670.324425596105 2171.796875447027 1721.772272646313 3999.8267053297905 1895.9630861255912
8.553061735791115 599.7470833333333 2940.768099045653 1657.6923985919238 333.4724196862993 1733.8021655213606 3274.240518731952 1885.1472096489892
8.956050012776739 599.7470833333333 3720.3124744736424 1713.022747113766 -690.6848532552289 1911.224517612965 3029.627621218415 2094.1730857860425
9.359038289762363 599.7470833333333 4717.246854602464 1776.994765835252 962.9074465043743 2284.479858912635 5680.154301106837 2539.8228924283726
9.762026566747988 599.7470833333333 2345.262130070096 1773.1167331748643 3499.1541214190997 2495.3589326913007 5844.416251489196 2730.750294622454
10.165014843733612 599.7470833333333 3178.3631540941224 2023.9943771333242 3936.9425699791586 2545.4017375004923 7115.3057240732805 2728.8750245515635
10.568003120719236 599.7470833333333 2606.4552176111565 2006.5561071441853 1970.2815527541286 2551.7694427401857 4576.736770365284 2703.460721171581
0.8962844730642525 620.456375 687.6460573937679 -401.8631444490089 70.23789712521828 54.758217775159046 757.8839545189862 -128.1829196561339
1.2992727500498769 620.456375 1327.7268979132502 201.97880816883804 93.08251075708006 212.455928499731 1420.8094086703302 65.46374136645466
1.7022610270355012 620.456375 203.75314347969768 211.23412719022713 236.4552293380653 322.21661203369933 440.20837281776295 213.81334726846052
2.1052493040211253 620.456375 1019.8109428333497 272.44713450034885 488.6498060980947 423.3162865239327 1508.4607489314444 327.53513816381064
2.5082375810067497 620.456375 1607.681968724587 240.58609519348767 507.64074853662623 447.5233537153787 2115.3227172612133 344.63145993762
2.911225857992374 620.456375 1338.8045815228438 241.44566168030184 307.1883127917182 448.21340509007473 1645.992894314562 346.5090531878949
3.3142141349779983 620.456375 996.4751727800726 344.72012292616506 559.0690525249418 454.35879920836675 1555.5442253050142 392.34097556770166
3.7172024119636227 620.456375 2602.8112143760936 341.17053833365276 1104.6869840002714 464.7883395251523 3707.498198376365 401.2436070945962
4.120190688949247 620.456375 1037.1172121043764 443.5632363839631 634.209833893997 468.5647366035501 1671.327045998373 400.5672132675014
4.523178965934871 620.456375 1133.4776749433545 428.69498434512104 179.1344077079798 468.6715122040171 1312.6120826513343 388.89612007347296
4.926167242920496 620.456375 1694.5528658577223 514.8019620723373 277.0653050261156 468.84434734074455 1971.6181708838378 386.6036755887061
5.32915551990612 620.456375 990.0134842998741 488.6642046820883 391.84787979048656 486.1857277113768 1381.8613640903604 395.95722137421944
5.732143796891744 620.456375 2943.439083720457 702.8957632422627 261.51728088537453 579.4295341135492 3204.9563646058314 518.7849017582355
6.135132073877369 620.456375 2186.565448516076 696.1346604141743 460.66323313816235 756.0440341892208 2647.228681654238 695.160472699102
6.538120350862992 620.456375 1781.655755136143 812.6114247093449 964.3127667621023 941.1697095569826 2745.968521898245 827.5422105424336
6.941108627848617 620.456375 1878.022299917727 811.7195369896466 478.23344621338146 1017.2634074402847 2356.2557461311085 873.4636983255173
7.344096904834242 620.456375 1437.8772213611378 803.2611521270123 656.1222728605765 1084.2744361962416 2093.9994942217145 961.9098356056505
7.747085181819865 620.456375 724.4858413486047 794.5575766698644 1672.0199335527416 1175.192841861475 2396.5057749013463 1095.11911242047
8.15007345880549 620.456375 1034.1831617911985 985.2147351078588 1463.263698363377 1202.5616158571363 2497.446860154575 1123.4633784285882
8.553061735791115 620.456375 2146.9214309540876 972.5827081036779 -54.90751819920422 1212.6023167780663 2092.0139127548828 1110.0708020316995
8.956050012776739 620.456375 2926.4658063820775 1027.9130566255196 -1029.1443953393525 1361.2740899303062 1897.3214110427255 1282.0822906535382
9.359038289762363 620.456375 3923.4001865108985 1091.885075347006 172.2816272084156 1674.2555286715049 4095.681813719315 1652.747139924584
9.762026566747988 620.456375 1551.415461978531 1088.0070426866182 2437.5239720764393 1851.6819581369846 3988.9394340549707 1811.4021551581016
10.165014843733612 620.456375 2384.5164860025575 1338.884686645078 2965.177507845988 1894.192745645047 5349.693993848546 1808.9157106421349
10.568003120719236 620.456375 1812.608549519591 1321.4464166559392 1291.9974618005438 1899.5989052971622 3104.6060113201347 1783.6893182578137
0.8962844730642525 641.1656666666667 752.8023098533344 -501.2530397484628 108.59950570371791 88.56975064241227 861.4018155570523 -11.352828827411486
1.2992727500498769 641.1656666666667 1392.8831503728165 102.58891286938423 144.38704357039202 180.7802382480236 1537.2701939432086 99.8358089204932
1.7022610270355012 641.1656666666667 268.9093959392641 111.84423189077334 234.30490497279067 254.801938092543 503.2143009120547 202.01812986265952
2.1052493040211253 641.1656666666667 1084.9671952929161 173.057239200895 347.0020834472377 324.9576398615834 1431.9692787401539 280.52597284629155
2.5082375810067497 641.1656666666667 1672.8382211841536 141.19619989403384 357.564421840437 341.8010756775959 2030.4026430245904 288.35499448588143
2.911225857992374 641.1656666666667 1403.9608339824103 142.055766380848 234.27236094858893 341.9634300989886 1638.2331949309992 284.9492743280143
3.3142141349779983 641.1656666666667 1061.6314252396392 245.33022762671123 290.4690495825147 342.86163821372776 1352.1004748221537 321.0067455784897
3.7172024119636227 641.1656666666667 2667.96746683566 241.78064303419896 513.4930499465863 344.3997206944629 3181.4605167822465 320.3454597674739
4.120190688949247 641.1656666666667 1102.2734645639428 344.1733410845093 372.3979374203235 344.97818039699325 1474.6714019842664 317.9362760829531
4.523178965934871 641.1656666666667 1198.6339274029208 329.30508904566716 265.30251480822767 345.51087185874405 1463.9364422111487 308.97095554702935
4.926167242920496 641.1656666666667 1759.7091183172888 415.41206677288346 382.00920258358417 347.0306671286125 2141.718320900873 310.8599292193221
5.32915551990612 641.1656666666667 1055.1697367594406 389.27430938263444 490.73708187051085 357.2081506700945 1545.9068186299514 313.6611838033707
5.732143796891744 641.1656666666667 3008.595336180023 603.5058679428089 505.93656378442574 403.15141937964455 3514.531899964449 378.4966143665932
6.135132073877369 641.1656666666667 2251.7217009756423 596.7447651147206 568.0168285438763 503.95693439757986 2819.738529519519 475.7983290876736
6.538120350862992 641.1656666666667 1846.8120075957095 713.221529409891 674.7265587044396 624.451649632399 2521.5385663001493 559.0835593338666
6.941108627848617 641.1656666666667 1943.1785523772935 712.3296416901927 541.25761901734 675.6737222324325 2484.4361713946337 587.4125756841286
7.344096904834242 641.1656666666667 1503.033473820704 703.8712568275585 747.6866773643596 720.7923577336667 2250.7201511850635 643.750317512371
7.747085181819865 641.1656666666667 789.6420938081711 695.1676813704107 1245.4715760177828 781.700794218989 2035.1136698259538 730.5163976013059
8.15007345880549 641.1656666666667 1099.3394142507648 885.8248398084052 1106.2479552915875 799.9659444547785 2205.587369542352 744.7476125825525
8.553061735791115 641.1656666666667 2212.0776834136536 873.1928128042241 -3.6369766644096444 806.6898659110957 2208.440706749244 727.0425216248098
8.956050012776739 641.1656666666667 2991.6220588416436 928.5231613260659 -956.2733586529878 907.3337091890953 2035.3487001886556 837.0641719126297
9.359038289762363 641.1656666666667 3988.556438970465 992.4951800475525 -433.82503405200447 1120.1428479221534 3554.73140491846 1083.1920637170174
9.762026566747988 641.1656666666667 1616.5717144380974 988.6171473871644 1177.3972392724727 1243.8102720002016 2793.96895371057 1192.0891719846677
10.165014843733612 641.1656666666667 2449.6727384621236 1239.4947913456244 1701.7264095203693 1275.527531478829 4151.399147982493 1192.187744708087
10.568003120719236 641.1656666666667 1877.7648019791573 1222.0565213564853 600.3157867971072 1279.611700755421 2478.0805887762644 1167.8431344030766
0.8962844730642525 661.8749583333333 544.6820625224976 -496.31448392459197 157.37899746676482 139.59835958168225 702.0610599892625 142.51515292238628
1.2992727500498769 661.8749583333333 1184.7629030419798 107.52746869325502 216.20765179979315 189.0933900691129 1400.9705548417733 197.5937822631634
1.7022610270355012 661.8749583333333 60.7891486084273 116.78278771464413 267.4437398639917 234.80630882471604 328.2328884724189 258.0170034016971
2.1052493040211253 661.8749583333333 876.8469479620794 177.99579502476578 273.8759371373076 277.7540275508324 1150.722885099387 305.7782749259093
2.5082375810067497 661.8749583333333 1464.7179738533168 146.13475571790462 282.38357545861703 288.0401625914892 1747.101549311934 305.436185831825
2.911225857992374 661.8749583333333 1195.8405866515736 146.9943222047188 214.1717523791256 288.07067394507044 1410.0123390306992 297.0878352606668
3.3142141349779983 661.8749583333333 853.5111779088024 250.26878345058205 118.27784904993025 288.0281920419188 971.7890269587326 327.07642082393363
3.7172024119636227 661.8749583333333 2459.8472195048234 246.71919885806977 102.37633925979675 287.9806052328533 2562.22355876462 323.7181333981091
4.120190688949247 661.8749583333333 894.153217233106 349.11189690838006 221.1793764243542 288.1502950545757 1115.3325936574602 323.75116589494064
4.523178965934871 661.8749583333333 990.5136800720841 334.243644869538 382.35844420603496 289.9147279472363 1372.872124278119 318.2437070464316
4.926167242920496 661.8749583333333 1551.588870986452 420.3506225967543 493.29326684101784 294.65197089055687 2044.8821378274702 325.94747009867706
5.32915551990612 661.8749583333333 847.0494894286037 394.2128652065053 561.6407609276949 305.00978980225955 1408.6902503562987 333.03955939624984
5.732143796891744 661.8749583333333 2800.4750888491862 608.4444237666796 723.8251124702344 328.53133265245924 3524.300201319421 367.9883985502619
6.135132073877369 661.8749583333333 2043.6014536448056 601.6833209385914 727.7059067741501 377.31692130874904 2771.307360418956 411.2394375317531
6.538120350862992 661.8749583333333 1638.6917602648728 718.1600852337618 530.0443309976829 438.2306517377321 2168.736091262556 451.04533093476743
6.941108627848617 661.8749583333333 1735.0583050464568 717.2681975140636 697.326826367641 465.18346239048947 2432.3851314140975 464.3867028903668
7.344096904834242 661.8749583333333 1294.9132264898674 708.8098126514293 915.1716391760267 488.80409264172135 2210.084865665894 490.6211205107775
7.747085181819865 661.8749583333333 581.5218464773343 700.1062371942814 970.1210912091342 519.7759241230514 1551.6429376864687 531.2372146609291
8.15007345880549 661.8749583333333 891.2191669199282 890.7633956322758 916.8300208533515 528.9573538337465 1808.0491877732798 531.3718342357593
8.553061735791115 661.8749583333333 2003.957436082817 878.1313686280948 212.2216802302039 532.4664265671095 2216.179116313021 509.45556005576924
8.956050012776739 661.8749583333333 2783.501811510807 933.4617171499366 -653.9994586987818 586.4354477390979 2129.502352812025 558.8828387300205
9.359038289762363 661.8749583333333 3780.4361916396283 997.4337358714231 -700.6254589979095 703.0267751456796 3079.8107326417194 685.5754920759839
9.762026566747988 661.8749583333333 1408.4514671072607 993.5557032110352 212.31168324037782 779.1609871965393 1620.7631503476387 755.3340913760554
10.165014843733612 661.8749583333333 2241.552491131287 1244.433347169495 672.0739636416246 804.3606958013729 2913.6264547729115 765.9561564797946
10.568003120719236 661.8749583333333 1669.6445546483205 1226.995077180356 156.0153860623084 807.7888085289101 1825.659940710629 743.7306318805307
0.8962844730642525 682.58425 614.1123664677871 -488.4567049116132 172.84317535975475 168.36482385494057 786.9555418275418 236.11319853304303
1.2992727500498769 682.58425 1254.1932069872691 115.38524770623381 229.99060134003946 197.26225558301286 1484.1838083273085 259.5407011402218
1.7022610270355012 682.58425 130.21945255371674 124.64056672762293 275.19798597568615 232.43964965690822 405.41743852940294 300.06591833578136
2.1052493040211253 682.58425 946.2772519073687 185.85357403774458 262.4552115876661 264.1312392901877 1208.7324634950348 336.3279253113558
2.5082375810067497 682.58425 1534.1482777986062 153.99253473088345 289.67248200751465 271.6694122997178 1823.8207598061208 332.7635181594245
2.911225857992374 682.58425 1265.270890596863 154.85210121769762 246.07761552490103 271.68151851958953 1511.3485061217639 321.272434541896
3.3142141349779983 682.58425 922.9414818540918 258.12656246356084 116.93658345967191 271.6360888847316 1039.8780653137637 347.86607190594214
3.7172024119636227 682.58425 2529.2775234501123 254.57697787104854 38.06900263609435 271.58933527832744 2567.346526086207 344.7584457734505
4.120190688949247 682.58425 963.5835211783955 356.9696759213588 193.19277496138582 272.0552957860753 1156.7762961397814 350.2494558725482
4.523178965934871 682.58425 1059.9439840173736 342.10142388251677 396.4851693218082 276.0087502548712 1456.429153339182 348.7168186625868
4.926167242920496 682.58425 1621.0191749317414 428.2084016097331 476.13668897638337 286.3632129223138 2097.1558639081245 363.8036924268257
5.32915551990612 682.58425 916.4797933738932 402.07064421948405 488.73413806677905 302.4964220856058 1405.2139314406722 385.5801175931242
5.732143796891744 682.58425 2869.905392794476 616.3022027796585 724.2427415097106 317.25416068817464 3594.1481343041864 410.92584005086655
6.135132073877369 682.58425 2113.031757590095 609.5410999515701 741.4829378490324 335.8539048147362 2854.514695439127 423.17698764551864
6.538120350862992 682.58425 1708.1220642101619 726.0178642467406 439.69792476543665 359.09727149002816 2147.819988975599 436.8216523445317
6.941108627848617 682.58425 1804.4886089917459 725.1259765270423 762.7886116473271 371.26500340821076 2567.277220639073 445.27885114746465
7.344096904834242 682.58425 1364.3435304351567 716.6675916644081 946.9113881231009 381.81253285849147 2311.2549185582575 455.8191688658546
7.747085181819865 682.58425 650.9521504226238 707.9640162072602 734.693100979112 393.71537206213003 1385.6452514017355 467.2370612652544
8.15007345880549 682.58425 960.6494708652174 898.6211746452545 735.2473378631768 397.1030700042367 1695.8968087283943 458.3977186217166
8.553061735791115 682.58425 2073.3877400281062 885.9891476410735 351.73845393333903 398.7180806485791 2425.126193961445 433.99592931677523
8.956050012776739 682.58425 2852.9321154560967 941.3194961629154 -291.684204487572 424.9435009510774 2561.2479109685246 446.73935075860845
9.359038289762363 682.58425 3849.866495584918 1005.2915148844019 -518.5959385767486 486.50363375359007 3331.27055700817 505.49087661170336
9.762026566747988 682.58425 1477.88177105255 1001.4134822240139 -56.680235469862566 543.3999140871122 1421.2015355826873 569.6599863894305
10.165014843733612 682.58425 2310.9827950765766 1252.2911261824738 307.8596664451545 572.4340725537364 2618.8424615217305 601.9954805260265
10.568003120719236 682.58425 1739.07485859361 1234.852856193335 163.40510242700455 576.854397900984 1902.4799610206146 583.6120306066435
0.8962844730642525 703.2935416666667 526.8534405980454 -492.2814219146986 158.0024274762047 169.89413789350638 684.8558680742502 192.56867731029297
1.2992727500498769 703.2935416666667 1166.9342811175275 111.56053070314836 194.0595056160893 193.81632395628196 1360.993786733617 202.62282037300034
1.7022610270355012 703.2935416666667 42.96052668397505 120.81584972453747 253.21013797670417 231.9562030123017 296.1706646606791 241.50580540074452
2.1052493040211253 703.2935416666667 859.018326037627 182.0288570346591 281.3376026403448 265.2235293368987 1140.3559286779719 281.41940231743524
2.5082375810067497 703.2935416666667 1446.8893519288645 150.167817727798 335.537849541342 273.1003781392307 1782.427201470207 278.573367148073
2.911225857992374 703.2935416666667 1178.0119647271213 151.02738421461217 287.3702858700432 273.1181373220495 1465.3822505971643 265.6535107693903
3.3142141349779983 703.2935416666667 835.6825559843501 254.30184546047542 218.59076537769005 273.07568707637006 1054.2733213620402 290.71056547868784
3.7172024119636227 703.2935416666667 2442.0185975803706 250.75226086796312 220.37114697669404 273.0351368124934 2662.389744557065 288.97622625539697
4.120190688949247 703.2935416666667 876.3245953086538 353.1449589182734 242.62955368431585 273.8869981410853 1118.9541489929697 300.95228234829824
4.523178965934871 703.2935416666667 972.6850581476319 338.27670687943134 318.96511497962746 280.7005197432428 1291.6501731272592 303.08054960490495
4.926167242920496 703.2935416666667 1533.7602490619997 424.38368460664765 359.9082569669421 297.9003511036713 1893.668506028942 325.23101003599
5.32915551990612 703.2935416666667 829.2208675041516 398.2459272163986 314.4238717424598 322.1592956385563 1143.6447392466114 365.65427010646385
5.732143796891744 703.2935416666667 2782.6464669247343 612.4774857765731 548.4264333153116 335.5231127558377 3331.072900240046 393.30404903741874
6.135132073877369 703.2935416666667 2025.7728317203532 605.7163829484847 619.7675930482857 340.4816688654118 2645.540424768639 391.91781695117504
6.538120350862992 703.2935416666667 1620.8631383404204 722.1931472436552 374.12407353506507 346.69587113715346 1994.9872118754854 394.96518139501086
6.941108627848617 703.2935416666667 1717.2296831220044 721.3012595239569 719.517846662502 353.2048738957585 2436.7475297845062 406.4257564260247
7.344096904834242 703.2935416666667 1277.084604565415 712.8428746613226 840.6480715838493 359.8158865240306 2117.7326761492645 414.6494397360537
7.747085181819865 703.2935416666667 563.6932245528822 704.1392992041748 530.9314666350532 364.9491121028558 1094.6246911879355 414.8362941058813
8.15007345880549 703.2935416666667 873.3905449954759 894.7964576421691 550.8177746032428 366.27267597048206 1424.2083195987188 403.1178115702838
8.553061735791115 703.2935416666667 1986.1288141583645 882.1644306379882 384.6242867443204 367.2332072107249 2370.7531009026848 378.267203242165
8.956050012776739 703.2935416666667 2765.673189586355 937.4947791598299 38.8606785512009 383.3874345059219 2804.5338681375556 376.95661399288747
9.359038289762363 703.2935416666667 3762.6075697151764 1001.4667978813166 -57.54642660092306 427.4764575843849 3705.0611431142534 414.6704176556781
9.762026566747988 703.2935416666667 1390.6228451828083 997.5887652209285 200.71975629496362 487.95913013898473 1591.3426014777722 497.79039033102595
10.165014843733612 703.2935416666667 2223.723869206835 1248.4664091793884 461.5765258587832 528.2366335364496 2685.3003950656184 557.0804077177052
10.568003120719236 703.2935416666667 1651.8159327238684 1231.0281391902495 478.3005812913958 536.007971932388 2130.1165140152643 544.3913317488648
0.8962844730642525 724.0028333333333 547.4701810302415 -668.4272125091777 133.68090129091112 152.36068945655242 681.1510823211527 125.67662053650929
1.2992727500498769 724.0028333333333 1187.5510215497238 -64.58525989133076 149.8465245985451 178.20827243773317 1337.3975461482687 132.81840297438742
1.7022610270355012 724.0028333333333 63.57726711617124 -55.32994086994165 218.58454446989248 222.96243414545017 282.1618115860638 176.6844097705655
2.1052493040211253 724.0028333333333 879.6350664698233 5.883066440180002 289.7511411131567 261.67295389558177 1169.38620758298 224.11029839493222
2.5082375810067497 724.0028333333333 1467.5060923610604 -25.977972866681142 356.47234050473526 270.8325652782595 1823.9784328657959 223.0628305631493
2.911225857992374 724.0028333333333 1198.6287051593176 -25.11840637986697 279.49620330799615 270.86422083393666 1478.1249084673136 209.7533747104776
3.3142141349779983 724.0028333333333 856.2992964165463 78.15605486599625 301.15771911562297 270.82756769098285 1157.4570155321692 234.39897829049232
3.7172024119636227 724.0028333333333 2462.635338012567 74.60647027348398 447.35633886184456 270.7944893747617 2909.9916768744115 234.13360993805776
4.120190688949247 724.0028333333333 896.94133574085 176.99916832379427 301.4071802614814 272.06619214228664 1198.3485160023315 251.31698851738656
4.523178965934871 724.0028333333333 993.3017985798281 162.1309162849522 216.37742116716387 281.9577905753847 1209.6792197469917 255.7343291811826
4.926167242920496 724.0028333333333 1554.3769894941959 248.2378940121685 236.53339432937233 305.4113086712804 1790.9103838235683 282.04634811180483
5.32915551990612 724.0028333333333 849.8376079363477 222.10013662191946 141.41787335300242 336.33168359038876 991.2554812893502 336.3684653593584
5.732143796891744 724.0028333333333 2803.2632073569303 436.3316951820939 326.09479165398665 351.2633094797354 3129.357999010917 369.64200069775154
6.135132073877369 724.0028333333333 2046.3895721525491 429.5705923540056 452.50162785267247 352.56516621889375 2498.891200005222 364.87652501009694
6.538120350862992 724.0028333333333 1641.4798787726165 546.047356649176 327.00818700880774 354.2126987247655 1968.4880657814242 366.008656431055
6.941108627848617 724.0028333333333 1737.8464235542006 545.1554689294778 612.471085769095 360.3102999750233 2350.317509323296 382.4420599950663
7.344096904834242 724.0028333333333 1297.7013449976112 536.6970840668434 673.9282046152944 370.0438851321795 1971.6295496129057 395.57445306364286
7.747085181819865 724.0028333333333 584.3099649850783 527.9935086096957 389.840194752972 378.57064378650733 974.1501597380502 397.5512654077688
8.15007345880549 724.0028333333333 894.0072854276721 718.6506670476899 409.6730449203021 380.9205989624986 1303.6803303479742 388.445210992263
8.553061735791115 724.0028333333333 2006.745554590561 706.018640043509 360.8643879933196 381.8895828733549 2367.60994258388 364.9930119879141
8.956050012776739 724.0028333333333 2786.289930018551 761.3489885653507 275.3773209966126 397.2075478561179 3061.667251015164 361.90915603461144
9.359038289762363 724.0028333333333 3783.2243101473723 825.3210072868374 406.2603843809375 442.18797207214607 4189.48469452831 401.4685195989369
9.762026566747988 724.0028333333333 1411.2395856150047 821.4429746264493 597.2982083590637 513.114871626288 2008.5377939740683 506.8995097759937
10.165014843733612 724.0028333333333 2244.340609639031 1072.3206185849092 765.0075602677595 565.6643618273188 3009.34816990679 588.9301098428241
10.568003120719236 724.0028333333333 1672.4326731560645 1054.8823485957703 823.7083575569784 579.752461710058 2496.141030713043 583.7812045440082
0.8962844730642525 744.712125 489.1622572946093 -700.1165667214121 120.37928777616918 124.20455217353374 609.5415450707785 63.94448203121374
1.2992727500498769 744.712125 1129.2430978140915 -96.27461410356514 138.23605777938562 150.3331201068931 1267.4791555934771 70.92806245507613
1.7022610270355012 744.712125 5.269343380538942 -87.01929508217603 188.72017973907214 195.69934980124222 193.98952311961114 114.97624197169472
2.1052493040211253 744.712125 821.327142734191 -25.806287772054375 248.6889294706383 234.92170021651668 1070.0160722048292 162.69939497024188
2.5082375810067497 744.712125 1409.1981686254285 -57.66732707891553 291.41598319298953 244.2048918419141 1700.6141518184177 161.7238750164895
2.911225857992374 744.712125 1140.3207814236853 -56.80776059210135 166.43708271308168 244.24331208923132 1306.7578641367668 148.39704592270186
3.3142141349779983 744.712125 797.9913726809141 46.46670065376185 246.09401671394164 244.2139975090764 1044.0853893948558 173.03299840525528
3.7172024119636227 744.712125 2404.327414276935 42.91711606124957 521.6339809566862 244.18866963428553 2925.9613952336213 173.32747543744915
4.120190688949247 744.712125 838.6334120052177 145.30981411155986 303.2492588958868 245.85926808190186 1141.8826709011043 192.1914321982581
4.523178965934871 744.712125 934.9938748441957 130.4415620727178 154.12919606406513 258.5929262480921 1089.1230709082608 196.51898785363483
4.926167242920496 744.712125 1496.0690657585637 216.5485397999341 195.6637334549174 285.91877496526905 1691.7327992134808 221.61093959824936
5.32915551990612 744.712125 791.5296842007153 190.41078240968505 69.86382189935077 318.31001897522424 861.3935061000661 276.60934660583075
5.732143796891744 744.712125 2744.955283621298 404.6423409698595 184.42846412020583 333.44717734009316 2929.3837477415036 310.4690431795402
6.135132073877369 744.712125 1988.0816484169172 397.8812381417712 328.14348025010645 334.60210367511144 2316.2251286670235 305.63317560285816
6.538120350862992 744.712125 1583.1719550369844 514.3580024369417 292.1572628499956 336.06295471145756 1875.3292178869797 306.75467113157447
6.941108627848617 744.712125 1679.5384998185684 513.4661147172434 486.0802741353781 343.16298139412163 2165.6187739539464 324.32240750446
7.344096904834242 744.712125 1239.3934212619788 505.0077298546091 522.8142203424309 360.97260461938487 1762.2076416044101 343.50136418920704
7.747085181819865 744.712125 526.0020412494459 496.3041543974613 340.89081569806604 380.8618397452972 866.8928569475121 355.3313558996665
8.15007345880549 744.712125 835.6993616920397 686.9613128354556 356.3590794440364 386.67183397206543 1192.0584411360762 353.67864264388896
8.553061735791115 744.712125 1948.4376308549286 674.3292858312745 329.74620978325595 387.7433024312095 2278.183840638185 333.26468253604946
8.956050012776739 744.712125 2727.9820062829185 729.6596343531164 357.91569688599327 403.1424002484244 3085.897703168912 330.4793906615523
9.359038289762363 744.712125 3724.91638641174 793.6316530746029 603.2369900841788 448.46878158703845 4328.153376495919 371.10833061625715
9.762026566747988 744.712125 1352.9316618793723 789.753620414215 754.459445005745 521.0228385811342 2107.391106885117 481.44561433588046
10.165014843733612 744.712125 2186.0326859033985 1040.6312643726749 858.1627530374903 580.5995618050013 3044.1954389408893 572.7474503446219
10.568003120719236 744.712125 1614.1247494204322 1023.192994383536 929.2182436718872 604.5125511270171 2543.3429930923194 576.9354953496597
0.8962844730642525 765.4214166666667 450.8443743507648 -690.3360584102778 126.75374166298222 101.78812204688838 577.598116013747 101.51610738142426
1.2992727500498769 765.4214166666667 1090.9252148702471 -86.49410579243083 179.86295552837854 123.98917592612898 1270.7881703986259 107.12687055264385
1.7022610270355012 765.4214166666667 -33.048539563305496 -77.23878677104173 189.35383732037573 161.0232534582221 156.3052977570701 142.40543862082222
2.1052493040211253 765.4214166666667 783.0092597903466 -16.025779460920063 178.0661500046383 192.87792392054814 961.075409794985 179.68685251756665
2.5082375810067497 765.4214166666667 1370.880285681584 -47.88681876778122 161.43809292297428 200.41234015730552 1532.318378604558 176.14373765651965
2.911225857992374 765.4214166666667 1102.0028984798407 -47.02725228096706 -23.031150002031865 200.44475705856283 1078.971748477809 162.80211800589552
3.3142141349779983 765.4214166666667 759.6734897370696 56.247208964896146 55.30913942682463 200.42321119918353 814.9826291638942 187.42868329958333
3.7172024119636227 765.4214166666667 2366.0095313330903 52.69762437238387 402.27969742893 200.40515446505128 2768.2892287620202 187.04835032005133
4.120190688949247 765.4214166666667 800.3155290613731 155.09032242269416 242.997347336399 202.38894918514515 1043.312876397772 203.68018912780963
4.523178965934871 765.4214166666667 896.6759919003512 140.2220703838521 155.3109486019282 217.25273328585536 1051.9869405022794 206.22797922203517
4.926167242920496 765.4214166666667 1457.7511828147192 226.3290481110684 247.76330580773538 245.31832792060794 1705.5144886224543 225.6835459777078
5.32915551990612 765.4214166666667 753.2118012568709 200.19129072081935 111.40530005565029 273.2209579484322 864.6171013125212 267.6023378917396
5.732143796891744 765.4214166666667 2706.637400677454 414.4228492809938 161.007273401694 285.53504318220894 2867.644674079148 296.27144203455373
6.135132073877369 765.4214166666667 1949.7637654730727 407.6617464529055 280.9755708366141 286.4836841635672 2230.7393363096867 292.94059977941754
6.538120350862992 765.4214166666667 1544.8540720931398 524.138510748076 265.8832610425246 287.68277995070684 1810.7373331356644 292.9608308415636
6.941108627848617 765.4214166666667 1641.2206168747239 523.2466230283777 363.3433988009785 295.09843963586536 2004.5640156757024 305.896219959369
7.344096904834242 765.4214166666667 1201.0755383181345 514.7882381657435 409.14892179983553 323.0840276378086 1610.2244601179705 328.64031641360856
7.747085181819865 765.4214166666667 487.6841583056015 506.0846627085956 360.3731603718006 358.4273171586799 848.0573186774022 353.4331773725985
8.15007345880549 765.4214166666667 797.3814787481954 696.7418211465899 379.3374245744163 368.9560356763251 1176.7189033226116 361.9605426988488
8.553061735791115 765.4214166666667 1910.1197479110842 684.109794142409 312.2848533042924 369.9433917003429 2222.4046012153767 345.45741354399195
8.956050012776739 765.4214166666667 2689.6641233390746 739.4401426642507 300.8480982604828 382.45285157212186 2990.512221599557 340.0547964628554
9.359038289762363 765.4214166666667 3686.598503467895 803.4121613857372 491.24732630416156 419.25258941123593 4177.845829772057 370.5032935996029
9.762026566747988 765.4214166666667 1314.613778935528 799.5341287253493 592.4590813106349 479.2574901330495 1907.0728602461627 462.08974357536135
10.165014843733612 765.4214166666667 2147.714802959554 1050.4117726838092 667.2001856610843 538.0970834097511 2814.9149886206383 546.7612207858424
10.568003120719236 765.4214166666667 1575.8068664765879 1032.9735026946703 750.5490824821757 573.7590542701769 2326.3559489587637 560.6382567831038
0.8962844730642525 786.1307083333334 588.156441187379 -821.8667985683894 147.18589250366657 111.0214369523237 735.3423336910455 176.53603591815454
1.2992727500498769 786.1307083333334 1228.2372817068613 -218.0248459505425 270.9581833426715 129.73039529732947 1499.1954650495327 180.09554952425964
1.7022610270355012 786.1307083333334 104.26352727330857 -208.76952692915336 256.27069157531116 154.63511674367766 360.53421884861984 202.2695059720386
2.1052493040211253 786.1307083333334 920.3213266269607 -147.5565196190317 168.80833905897808 175.3454263665885 1089.1296656859388 223.94724871512403
2.5082375810067497 786.1307083333334 1508.192352518198 -179.41755892589282 86.5866661193971 180.22082194296888 1594.7790186375955 216.56650932719253
2.911225857992374 786.1307083333334 1239.314965316455 -178.5579924390787 -157.94223611501232 180.2405678077355 1081.3727292014426 203.20133564176456
3.3142141349779983 786.1307083333334 896.9855565736837 -75.28353119321545 -124.1227707239089 180.22630831731263 772.8627858497747 227.80505545930941
3.7172024119636227 786.1307083333334 2503.3215981697044 -78.83311578572773 236.93546683559723 180.21456560673553 2740.257065005302 226.00836561795268
4.120190688949247 786.1307083333334 937.6275958979872 23.55958226458256 189.14972985856937 182.34921193167696 1126.7773257565566 238.35472902489028
4.523178965934871 786.1307083333334 1033.9880587369653 8.6913302257405 192.01504399973174 198.1288906960924 1226.0031027366972 240.16548283061638
4.926167242920496 786.1307083333334 1595.0632496513333 94.7983079529568 307.86265518761354 224.30190784833792 1902.9259048389472 254.68530636525816
5.32915551990612 786.1307083333334 890.5238680934851 68.66055056270775 171.02456364480298 244.55157130141617 1061.5484317382882 278.8056962459077
5.732143796891744 786.1307083333334 2843.9494675140677 282.8921091228822 185.4279852638078 252.55056669045376 3029.3774527778755 304.9493460869528
6.135132073877369 786.1307083333334 2087.075832309687 276.13100629479385 279.9897162886248 253.16614238426828 2367.065548598312 309.25142958092863
6.538120350862992 786.1307083333334 1682.166138929754 392.60777058996433 247.51701432209242 253.94498673601254 1929.6831532518463 308.6427400210557
6.941108627848617 786.1307083333334 1778.532683711338 391.71588287026606 241.42716318635837 260.9772616144524 2019.9598468976965 313.9266416570028
7.344096904834242 786.1307083333334 1338.3876051547486 383.2574980076318 289.43194795571526 297.4838472873637 1627.8195531104639 337.1097599063983
7.747085181819865 786.1307083333334 624.9962251422156 374.55392255048395 360.48476491833964 346.4669290674153 985.4809900605553 373.02676209012907
8.15007345880549 786.1307083333334 934.6935455848095 565.2110809884783 399.47914123278133 361.17372104139554 1334.1726868175908 390.5829957258187
8.553061735791115 786.1307083333334 2047.4318147476984 552.5790539842974 295.4227995322268 361.9571509899851 2342.854614279925 377.4213585129304
8.956050012776739 786.1307083333334 2826.9761901756883 607.9094025061391 208.11687529361623 370.05612179576264 3035.0930654693047 367.7901640700643
9.359038289762363 786.1307083333334 3823.9105703045097 671.8814212276257 302.27001278918056 393.8809814843221 4126.180583093691 382.22443495053244
9.762026566747988 786.1307083333334 1451.925845772142 668.0033885672377 391.7154426652179 434.23315764218717 1843.6412884373594 442.6403309707646
10.165014843733612 786.1307083333334 2285.0268697961683 918.8810325256976 463.13130901201066 486.5755506610992 2748.158178808179 510.57058313061634
10.568003120719236 786.1307083333334 1713.118933313202 901.4427625365586 515.940689566817 531.7638950453163 2229.059622880019 531.3618479624542
0.8962844730642525 806.84 470.0694219602739 -854.7849166397266 175.20753765385408 178.38295251428173 645.2769596141281 134.5500942906342
1.2992727500498769 806.84 1110.150262479756 -250.94296402187953 406.2998242711823 199.10827908482938 1516.4500867509382 136.1843110231307
1.7022610270355012 806.84 -13.823491953796406 -241.68764500049042 425.85414604940934 213.71503571421766 412.03065409561293 146.05742481365007
2.1052493040211253 806.84 802.2343073998557 -180.47463769036878 316.06862614894595 224.02691247377047 1118.3029335488015 153.08846558394475
2.5082375810067497 806.84 1390.1053332910928 -212.3356769972299 192.8023834775724 226.39489029516164 1582.9077167686655 142.1054698064081
2.911225857992374 806.84 1121.2279460893499 -211.47611051041574 -101.24602732229947 226.40209652356947 1019.9819187670503 128.71796363919293
3.3142141349779983 806.84 778.8985373465787 -108.20164926455251 -136.4852105172501 226.39374037556408 642.4133268293288 153.29474595451438
3.7172024119636227 806.84 2385.2345789425995 -111.75123385706479 184.46954371595686 226.38689342357713 2569.704122658556 149.88199849280352
4.120190688949247 806.84 819.5405766708823 -9.358535806754503 214.58983538698018 228.43269346002725 1034.1304120578625 157.8825408477228
4.523178965934871 806.84 915.9010395098604 -24.22678784559656 233.297678920541 243.41016756892628 1149.1987184304014 162.8533767612073
4.926167242920496 806.84 1476.976230424228 61.88018988161974 285.3107038031589 265.6330524474709 1762.286934227387 178.50222651408973
5.32915551990612 806.84 772.43684886638 35.74243249137069 147.35379879810205 278.0727126504228 919.7906476644821 189.71232128170504
5.732143796891744 806.84 2725.8624482869627 249.9739910515451 180.85860673420098 281.9918757368275 2906.721055021164 224.98413950685767
6.135132073877369 806.84 1968.9888130825816 243.2128882234568 290.29066477014635 282.28865446355894 2259.279477852728 247.9737637749849
6.538120350862992 806.84 1564.0791197026488 359.68965251862727 236.56908366264344 282.66559384660593 1800.6482033652924 249.04284165179342
6.941108627848617 806.84 1660.445664484233 358.797764798929 115.96040824535078 288.72757302325203 1776.4060727295837 246.68202411147212
7.344096904834242 806.84 1220.3005859276436 350.33937993629473 116.27274010362824 328.2916333829922 1336.5733260312718 266.7104435413812
7.747085181819865 806.84 506.90920591511065 341.6358044791469 249.60743816606336 383.0736402286579 756.5166440811739 306.96474545790375
8.15007345880549 806.84 816.6065263577044 532.2929629171413 333.6312986468595 399.581346741762 1150.237825004564 328.4156834699989
8.553061735791115 806.84 1929.3447955205932 519.6609359129602 264.07401996032763 400.12850346291344 2193.4188154809212 316.54410031844736
8.956050012776739 806.84 2708.8891709485833 574.9912844348021 188.9969211547177 404.0638560461075 2897.886092103301 302.7523282432612
9.359038289762363 806.84 3705.8235510774048 638.9633031562886 284.6030551228682 415.64912931804326 3990.4266062002725 301.70085066324845
9.762026566747988 806.84 1333.838826545037 635.0852704959007 454.08909954024864 437.0578950945249 1787.9279260852854 330.8051334196466
10.165014843733612 806.84 2166.9398505690633 885.9629144543605 537.4983792105688 479.41664017492485 2704.438229779632 378.16357671346896
10.568003120719236 806.84 1595.0319140860968 868.5246444652216 469.8573849279534 527.6094820358035 2064.8892990140503 399.8673638974825
