x1 x2 y
-0.0063 -0.000134247491638796 -0.8823486158862
-0.0063 -5.59866220735786e-05 -0.7735309106304161
-0.006274749498997996 1.1438127090301004e-05 -0.5196853782973282
-0.006274749498997996 2.1070234113712377e-05 -0.47359599780320216
-0.006249498997995992 -0.0001294314381270903 -0.8767816849022961
-0.0062242484969939876 -0.00016795986622073582 -0.884992113496631
-0.0062242484969939876 -0.00013906354515050168 -0.884992113496631
-0.0062242484969939876 0.00011979933110367893 0.2625966544146858
-0.006198997995991984 -0.00014989966555183947 -0.884992113496631
-0.006198997995991984 -0.00013906354515050168 -0.884992113496631
-0.006198997995991984 -9.57190635451505e-05 -0.8347357428804698
-0.006198997995991984 -6.321070234113713e-05 -0.7859967663471159
-0.006198997995991984 -2.4682274247491638e-05 -0.7049779662396245
-0.006198997995991984 8.729096989966556e-05 -0.10453596608733084
-0.00617374749498998 -0.0001246153846153846 -0.8710810144315269
-0.00617374749498998 -9.090301003344483e-05 -0.8281126746523191
-0.00617374749498998 2.1070234113712377e-05 -0.47343265239598137
-0.006148496993987976 0.00014026755852842811 0.3502554045743544
-0.006123246492985972 -9.210702341137125e-05 -0.8297303788676177
-0.006123246492985972 -3.551839464882943e-05 -0.7321883073589193
-0.006123246492985972 0.00012220735785953177 0.27579244372906503
-0.0060727454909819635 -7.525083612040135e-05 -0.8052049840378525
-0.0060727454909819635 -3.1906354515050165e-05 -0.723645347831025
-0.0060727454909819635 -1.8060200668896322e-06 -0.6064098775653735
-0.006022244488977956 2.8294314381270905e-05 -0.43937409951653544
-0.006022244488977956 0.00013665551839464883 0.3388133504939189
-0.006022244488977956 0.00014267558528428096 0.35895800781864284
-0.005996993987975952 -4.2742474916387966e-05 -0.7478307863556826
-0.005996993987975952 7.82608695652174e-06 -0.5365140022517954
-0.005996993987975952 3.311036789297659e-05 -0.41840426243379913
-0.005996993987975952 0.00013063545150501674 0.31591829741161837
-0.005971743486973948 -0.0001739799331103679 -0.884992113496631
-0.005971743486973948 -7.645484949832776e-05 -0.8069544319981573
-0.005946492985971944 -9.57190635451505e-05 -0.8344879351850207
-0.005946492985971944 -6.020066889632107e-07 -0.5765409495893756
-0.005946492985971944 0.00011377926421404684 0.23471668125126857
-0.005946492985971944 0.0001739799331103679 0.44546606838894287
-0.00592124248496994 -9.451505016722408e-05 -0.8328318023960956
-0.00592124248496994 -3.91304347826087e-05 -0.7401173577904497
-0.005895991983967936 5.59866220735786e-05 -0.3189963601311196
-0.005895991983967936 7.043478260869566e-05 -0.21444868403319223
-0.0058707414829659325 -8.849498327759198e-05 -0.8244584310989269
-0.0058707414829659325 6.802675585284281e-05 -0.22831094292689352
-0.005845490981963928 2.4682274247491638e-05 -0.4556743489295641
-0.005820240480961924 -0.00014989966555183947 -0.884992113496631
-0.005820240480961924 9.090301003344483e-05 0.03980079254778121
-0.00579498997995992 -0.00014749163879598662 -0.884992113496631
-0.00579498997995992 -6.080267558528429e-05 -0.7815854598462064
-0.00579498997995992 -6.622073578595319e-06 -0.6383373359772146
-0.00579498997995992 5.839464882943144e-05 -0.301807398047592
-0.00579498997995992 7.525083612040135e-05 -0.20008308686128481
-0.005769739478957916 -0.00017157190635451507 -0.884992113496631
-0.005769739478957916 1.3846153846153848e-05 -0.5077381475585674
-0.005769739478957916 0.0001511036789297659 0.38560065651465014
-0.005744488977955912 0.00010655518394648832 0.20344243726982908
-0.0057192384769539075 -8.247491638795987e-05 -0.8156931191474948
-0.0057192384769539075 -2.4682274247491638e-05 -0.7047284491920209
-0.0057192384769539075 3.070234113712375e-05 -0.42805533596675455
-0.0057192384769539075 9.812709030100335e-05 0.1620497434715099
-0.005693987975951904 -0.00011377926421404684 -0.8575094774594554
-0.005693987975951904 -1.3846153846153848e-05 -0.6700756982240652
-0.005693987975951904 0.00017759197324414717 0.4564874838931216
-0.0056687374749499 -0.00014869565217391306 -0.884992113496631
-0.005643486973947896 0.00011498327759197326 0.24360078444405123
-0.005618236472945892 6.802675585284281e-05 -0.22650106192928154
-0.005618236472945892 0.00015471571906354516 0.39663176650229226
-0.005592985971943888 -0.00010775919732441473 -0.8498798898773092
-0.005592985971943888 -8.729096989966556e-05 -0.8224989552571824
-0.005592985971943888 0.0001631438127090301 0.4196165974493967
-0.0055677354709418835 -0.00010173913043478261 -0.842108304640391
-0.005517234468937876 -3.4314381270903016e-05 -0.7290380969002145
-0.005491983967935872 -3.070234113712375e-05 -0.7203606622005647
-0.005491983967935872 7.765886287625418e-05 -0.20178510036105668
-0.005466733466933868 7.163879598662208e-05 -0.2069929475221446
-0.005441482965931863 0.00016555183946488297 0.4271183285460899
-0.005416232464929859 9.210702341137125e-05 0.08407063428653454
-0.005365731462925852 -2.4682274247491638e-05 -0.7045460173881796
-0.005365731462925852 0.00011016722408026757 0.22231155151587037
-0.005365731462925852 0.00014026755852842811 0.35609943886115386
-0.005340480961923848 -0.0001511036789297659 -0.884992113496631
-0.005340480961923848 -5.117056856187291e-05 -0.7639802312073183
-0.005315230460921843 -0.00010655518394648832 -0.8480655768206368
-0.005315230460921843 -0.00010173913043478261 -0.8418561996686595
-0.005289979959919839 -0.0001511036789297659 -0.884992113496631
-0.005289979959919839 -4.394648829431438e-05 -0.7498299556989019
-0.005289979959919839 -1.5050167224080269e-05 -0.6743242207305389
-0.005289979959919839 6.441471571906355e-05 -0.2499223019785184
-0.005289979959919839 9.451505016722408e-05 0.12945940034166348
-0.005264729458917835 0.00011137123745819399 0.22901975485708617
-0.005264729458917835 0.00011498327759197326 0.2472633230345631
-0.005239478957915832 -0.00010775919732441473 -0.8495173224565842
-0.005239478957915832 -3.6722408026755854e-05 -0.7343717921491244
-0.005214228456913828 -0.00012220735785953177 -0.8671808392071537
-0.005214228456913828 -0.00010414715719063544 -0.8448780665138893
-0.005188977955911824 0.00014387959866220737 0.3686986967917487
-0.00516372745490982 -0.0001282274247491639 -0.874171303496027
-0.005138476953907816 -0.0001619397993311037 -0.884992113496631
-0.005138476953907816 -3.070234113712375e-05 -0.7201595374855644
-0.005138476953907816 0.00012702341137123746 0.3082245658925845
-0.005113226452905812 -0.00016795986622073582 -0.884992113496631
-0.005113226452905812 -0.00013183946488294314 -0.8782592294557464
-0.005113226452905812 -6.020066889632107e-07 -0.5765809575575398
-0.005087975951903808 -0.00011859531772575251 -0.8627308966368347
-0.005062725450901803 7.88628762541806e-05 -0.2015045693593806
-0.005062725450901803 0.00011257525083612041 0.23689862576560686
-0.0050374749498997996 -6.441471571906355e-05 -0.7870747085515217
-0.0050374749498997996 -3.792642140468228e-05 -0.7369228869894597
-0.005012224448897796 -7.043478260869566e-05 -0.7968008937760804
-0.005012224448897796 -3.792642140468228e-05 -0.7369071296094181
-0.004961723446893788 -0.00017759197324414717 -0.884992113496631
-0.004961723446893788 -5.719063545150502e-05 -0.7746583623827539
-0.004911222444889779 4.9966555183946487e-05 -0.3482178649293308
-0.0048859719438877755 8.367892976588629e-05 -0.15156542289950406
-0.0048859719438877755 0.00013545150501672243 0.3435450951222139
-0.004860721442885772 -0.00010896321070234115 -0.8506493440932671
-0.004860721442885772 5.357859531772576e-05 -0.32817820365165096
-0.004860721442885772 0.00014989966555183947 0.38855786655169033
-0.004835470941883768 7.88628762541806e-05 -0.20095280455006034
-0.004835470941883768 0.00010775919732441473 0.21555060951464808
-0.004810220440881764 -4.214046822742475e-06 -0.6241127733105614
-0.004810220440881764 0.00015953177257525085 0.41551390503156427
-0.004759719438877755 -8.247491638795987e-05 -0.8148292272144236
-0.004759719438877755 0.00013545150501672243 0.3445538050879528
-0.004734468937875751 -0.0001523076923076923 -0.884992113496631
-0.0047092184368737475 1.1438127090301004e-05 -0.5182803990122253
-0.0047092184368737475 0.00012581939799331105 0.3069055701002548
-0.004683967935871744 -0.00014147157190635452 -0.884992113496631
-0.004683967935871744 -4.1538461538461544e-05 -0.7444565127658244
-0.004683967935871744 3.1906354515050165e-05 -0.42052145713925954
-0.004633466933867735 -0.00011618729096989968 -0.8593390157904945
-0.004633466933867735 -6.802675585284281e-05 -0.7926484781326935
-0.004633466933867735 4.1538461538461544e-05 -0.3827865165972148
-0.004633466933867735 0.0001739799331103679 0.45515729864755766
-0.004633466933867735 0.00018 0.47043990394116275
-0.004608216432865731 -4.2742474916387966e-05 -0.7469102035214951
-0.004608216432865731 6.682274247491639e-05 -0.22697609746428415
-0.004582965931863727 4.755852842809365e-05 -0.3583419775959034
-0.004557715430861723 -9.090301003344483e-05 -0.8265853141203554
-0.004557715430861723 -2.2274247491638796e-05 -0.6972863028162587
-0.004557715430861723 2.8294314381270905e-05 -0.43626888210163045
-0.0045324649298597195 -1.7458193979933114e-05 -0.6823054950046927
-0.0045324649298597195 2.7090301003344486e-05 -0.44176645373200546
-0.0045324649298597195 7.28428093645485e-05 -0.20090887179188838
-0.0045324649298597195 0.00010414715719063544 0.2022801458924315
-0.0045324649298597195 0.0001631438127090301 0.4273406166965386
-0.004507214428857716 -8.96989966555184e-05 -0.8248701753734166
-0.004481963927855712 -0.0001631438127090301 -0.884992113496631
-0.004431462925851704 -0.00014387959866220737 -0.884992113496631
-0.004431462925851704 -2.347826086956522e-05 -0.700693976619307
-0.004406212424849699 1.8662207357859533e-05 -0.4823599682478182
-0.004406212424849699 7.404682274247493e-05 -0.19998448546356679
-0.004406212424849699 9.331103678929766e-05 0.13207360693119266
-0.0043809619238476954 0.0001246153846153846 0.30460949447015373
-0.004355711422845692 -3.551839464882943e-05 -0.7311138983432821
-0.004330460921843688 8.729096989966556e-05 -0.005271796086752087
-0.004305210420841684 -4.394648829431438e-05 -0.7491748812144733
-0.004279959919839679 -0.00014749163879598662 -0.884992113496631
-0.004279959919839679 -5.357859531772576e-05 -0.7676714953239258
-0.004254709418837675 7.525083612040135e-05 -0.20098907102464192
-0.004229458917835671 6.080267558528429e-05 -0.27020794297371675
-0.0042042084168336675 -0.00013545150501672243 -0.8813189114212215
-0.0042042084168336675 -2.347826086956522e-05 -0.7005819759311671
-0.004178957915831664 5.59866220735786e-05 -0.3081088107672103
-0.004178957915831664 0.00010294314381270902 0.1999753177830001
-0.004178957915831664 0.00013183946488294314 0.3362399403079381
-0.004178957915831664 0.00015591973244147156 0.41023477102732064
-0.004153707414829659 5.418060200668897e-06 -0.5470738596194833
-0.004153707414829659 0.0001234113712374582 0.3012733622154671
-0.004153707414829659 0.0001246153846153846 0.30680550563873626
-0.004128456913827655 -9.57190635451505e-05 -0.8327376637685064
-0.004128456913827655 8.367892976588629e-05 -0.12493588073673675
-0.004103206412825651 -0.00011979933110367893 -0.8631297488593435
-0.004103206412825651 -8.006688963210702e-05 -0.8107255489910759
-0.004103206412825651 0.00010775919732441473 0.22185893002488363
-0.004077955911823647 -0.00010294314381270902 -0.8421974512075507
-0.004077955911823647 1.2642140468227424e-05 -0.5117691399233808
-0.0040274549098196395 -9.090301003344483e-05 -0.8260939934529281
-0.0040274549098196395 5.117056856187291e-05 -0.3378666253550595
-0.004002204408817635 -0.00016916387959866222 -0.884992113496631
-0.004002204408817635 3.551839464882943e-05 -0.403929875556186
-0.003976953907815631 -0.00013545150501672243 -0.881065170783276
-0.003976953907815631 -1.8060200668896322e-06 -0.6061618567089013
-0.003976953907815631 7.82608695652174e-06 -0.5352493035011294
-0.003976953907815631 1.3846153846153848e-05 -0.5057122168547824
-0.003976953907815631 5.59866220735786e-05 -0.3066988343582709
-0.003976953907815631 6.682274247491639e-05 -0.22237961152116986
-0.003951703406813627 -2.1070234113712377e-05 -0.6934325395269345
-0.003951703406813627 4.1538461538461544e-05 -0.3809707643156887
-0.003926452905811623 -8.96989966555184e-05 -0.8243361956200133
-0.003926452905811623 -2.347826086956522e-05 -0.7004457145929796
-0.003901202404809619 -0.00013545150501672243 -0.8809808242300999
-0.003901202404809619 -0.00010053511705685619 -0.8388974842129008
-0.003901202404809619 8.247491638795987e-05 -0.14741236913105843
-0.003875951903807615 8.127090301003345e-05 -0.17017268262001903
-0.0038507014028056107 -5.9598662207357865e-05 -0.7780197773053402
-0.0038254509018036077 -0.00014749163879598662 -0.884992113496631
-0.0038002004008016034 -0.0001294314381270903 -0.87405916509784
-0.0038002004008016034 -9.692307692307692e-05 -0.834036384818178
-0.0038002004008016034 4.214046822742475e-06 -0.5528115718443124
-0.0038002004008016034 1.3846153846153848e-05 -0.5055021011740606
-0.0037749498997995995 -6.561872909698997e-05 -0.7880569204369383
-0.0037244488977955913 -0.00011979933110367893 -0.8627322938762081
-0.0037244488977955913 0.00010414715719063544 0.20835861630743582
-0.0037244488977955913 0.00013183946488294314 0.34007697676929016
-0.0036991983967935875 -0.00013665551839464883 -0.8820988637215275
-0.0036991983967935875 -0.00011498327759197326 -0.856906916436506
-0.0036991983967935875 -4.8762541806020064e-05 -0.7582615470197327
-0.0036991983967935875 7.82608695652174e-06 -0.5350650236813216
-0.003673947895791583 -0.00014989966555183947 -0.884992113496631
-0.003673947895791583 -0.00010896321070234115 -0.8494513147507168
-0.0035729458917835672 -0.0001739799331103679 -0.884992113496631
-0.0035729458917835672 -0.0001053511705685619 -0.8447907728894333
-0.0035729458917835672 -2.4682274247491638e-05 -0.7036388804825807
-0.0035729458917835672 -3.0100334448160537e-06 -0.6156708417349185
-0.0035729458917835672 5.117056856187291e-05 -0.3355737094429043
-0.0035729458917835672 9.090301003344483e-05 0.11543217886313671
-0.0035476953907815634 -0.00017518394648829432 -0.884992113496631
-0.0035476953907815634 -0.00011859531772575251 -0.8611103602975784
-0.0035476953907815634 3.4314381270903016e-05 -0.4076812828322072
-0.0035476953907815634 0.00016795986622073582 0.447753483986387
-0.003522444889779559 1.5050167224080269e-05 -0.49913919360153625
-0.003497194388777555 -9.57190635451505e-05 -0.8321434599025591
-0.003471943887775551 -0.00010414715719063544 -0.843154244678186
-0.003446693386773547 7.28428093645485e-05 -0.1999861953619309
-0.003421442885771543 -3.6722408026755854e-05 -0.7332680626597277
-0.003421442885771543 -2.1070234113712377e-05 -0.6931871002904012
-0.003421442885771543 2.347826086956522e-05 -0.45672543651884573
-0.003421442885771543 0.00014869565217391306 0.39558924275484153
-0.003421442885771543 0.00014989966555183947 0.3990084920200778
-0.003396192384769539 -0.00017518394648829432 -0.884992113496631
-0.003396192384769539 0.0001631438127090301 0.43599720374772316
-0.003396192384769539 0.00017277591973244148 0.46160962836903147
-0.003370941883767535 -0.00017157190635451507 -0.884992113496631
-0.003370941883767535 -6.020066889632107e-07 -0.57667024431806
-0.003370941883767535 9.090301003344483e-05 0.12073950804645586
-0.003345691382765531 -2.9498327759197327e-05 -0.7161735076396326
-0.003345691382765531 4.1538461538461544e-05 -0.37928943109330104
-0.003345691382765531 0.0001583277591973244 0.42319206534741144
-0.003320440881763527 -9.331103678929766e-05 -0.8287344016505838
-0.003320440881763527 -8.247491638795987e-05 -0.8135616009996268
-0.003320440881763527 7.163879598662208e-05 -0.20051078513059112
-0.0032699398797595186 -7.645484949832776e-05 -0.8046340460866834
-0.0032446893787575148 -9.331103678929766e-05 -0.8286646277160261
-0.0032446893787575148 0.00017157190635451507 0.45967048206456373
-0.003219438877755511 2.7090301003344486e-05 -0.43888123474794094
-0.003219438877755511 2.8294314381270905e-05 -0.43325220314403307
-0.003219438877755511 0.00011979933110367893 0.29340838251758244
-0.0031941883767535066 -8.488294314381271e-05 -0.8169087433616109
-0.0031941883767535066 6.441471571906355e-05 -0.23249195722687604
-0.0031689378757515027 1.0234113712374581e-05 -0.5227729912112823
-0.003143687374749499 -0.00011137123745819399 -0.8519158593481638
-0.003143687374749499 -1.9866220735785955e-05 -0.6893990486756231
-0.003143687374749499 0.000134247491638796 0.3534196627499707
-0.003118436873747495 -0.0001511036789297659 -0.884992113496631
-0.003118436873747495 -1.9866220735785955e-05 -0.6893877999954962
-0.003118436873747495 0.00015591973244147156 0.41825780355563
-0.003093186372745491 0.00016073578595317725 0.43179428067527165
-0.003042685370741483 5.418060200668897e-06 -0.5465567560569037
-0.003042685370741483 3.792642140468228e-05 -0.3922114493630505
-0.003042685370741483 8.608695652173914e-05 0.020377986582803084
-0.003017434869739479 5.237458193979933e-05 -0.32517252036249167
-0.003017434869739479 0.00011498327759197326 0.2706568354806159
-0.0029921843687374747 0.00014749163879598662 0.39536878586088514
-0.0029921843687374747 0.00017518394648829432 0.47105613053772816
-0.0029669338677354713 -7.525083612040135e-05 -0.8025623780724983
-0.0029669338677354713 9.451505016722408e-05 0.1693046839964701
-0.002941683366733467 1.9866220735785955e-05 -0.47384748480013333
-0.002941683366733467 3.91304347826087e-05 -0.3873778419854047
-0.002916432865731463 -0.0001619397993311037 -0.884992113496631
-0.002916432865731463 -9.57190635451505e-05 -0.8316027490233731
-0.002891182364729459 -0.00015471571906354516 -0.884992113496631
-0.002891182364729459 0.00011979933110367893 0.29686606836057394
-0.002891182364729459 0.00017759197324414717 0.47801550434142753
-0.002865931863727455 -6.321070234113713e-05 -0.7833840644034709
-0.002865931863727455 -2.347826086956522e-05 -0.6999316947652956
-0.002840681362725451 -0.00015471571906354516 -0.884992113496631
-0.002840681362725451 -0.0001450836120401338 -0.884992113496631
-0.002840681362725451 -8.608695652173914e-05 -0.8183058921182349
-0.002840681362725451 -3.0100334448160537e-06 -0.61555422673922
-0.002790180360721443 -0.00016555183946488297 -0.884992113496631
-0.002790180360721443 -9.331103678929766e-05 -0.8282479730574229
-0.002790180360721443 -5.117056856187291e-05 -0.7621839636503666
-0.0027396793587174347 -0.00012220735785953177 -0.8645559031082676
-0.0027396793587174347 5.839464882943144e-05 -0.2773712084902811
-0.002714428857715431 -0.0001234113712374582 -0.8659407913719952
-0.0026891783567134266 -0.0001511036789297659 -0.884992113496631
-0.0026891783567134266 -3.91304347826087e-05 -0.7380973196219537
-0.0026891783567134266 2.9498327759197327e-05 -0.4264564056199088
-0.0026891783567134266 9.57190635451505e-05 0.18018445208846762
-0.0026639278557114227 -0.0001234113712374582 -0.8658882144684993
-0.0026639278557114227 0.00010173913043478261 0.20629264253848284
-0.0026639278557114227 0.0001523076923076923 0.4116251058752761
-0.002638677354709419 -0.00010896321070234115 -0.8484270868363827
-0.002638677354709419 -0.00010173913043478261 -0.8392544906052599
-0.002613426853707415 -0.00013063545150501674 -0.8741524317273568
-0.002613426853707415 -9.933110367892977e-05 -0.8360977521482307
-0.002613426853707415 -1.7458193979933114e-05 -0.6814960806296599
-0.002613426853707415 -5.418060200668897e-06 -0.6309315756645186
-0.002588176352705411 -0.00013183946488294314 -0.8754879572790455
-0.002588176352705411 -9.933110367892977e-05 -0.8360740842523696
-0.002588176352705411 -4.1538461538461544e-05 -0.743126439700306
-0.0025629258517034068 -7.88628762541806e-05 -0.8076328157015371
-0.002537675350701403 -8.006688963210702e-05 -0.8093835686937437
-0.002537675350701403 -2.2274247491638796e-05 -0.6963285697767848
-0.002537675350701403 5.9598662207357865e-05 -0.265221489714428
-0.002537675350701403 7.404682274247493e-05 -0.20196730693126408
-0.002537675350701403 9.57190635451505e-05 0.1816172868385435
-0.002512424849699399 -1.5050167224080269e-05 -0.6732289195647252
-0.002512424849699399 3.6722408026755854e-05 -0.3954672708822295
-0.002512424849699399 6.441471571906355e-05 -0.22697358456693498
-0.0024871743486973947 -2.9498327759197327e-05 -0.7157144919801408
-0.002461923847695391 0.00013785953177257527 0.3706975959652862
-0.002436673346693387 -0.00013785953177257527 -0.8820395428901
-0.002436673346693387 -0.0001234113712374582 -0.865652204499693
-0.002436673346693387 0.00011618729096989968 0.2834444193053577
-0.0024114228456913827 -0.00011016722408026757 -0.8497010598036014
-0.0024114228456913827 3.91304347826087e-05 -0.38594685100622844
-0.0024114228456913827 4.755852842809365e-05 -0.34963374743625314
-0.002386172344689379 6.802675585284281e-05 -0.20658469402587398
-0.0023609218436873745 -9.331103678929766e-05 -0.8278575643618873
-0.0023609218436873745 -8.006688963210702e-05 -0.8092344089724482
-0.0023609218436873745 -5.117056856187291e-05 -0.7618896419752539
-0.0023609218436873745 7.82608695652174e-06 -0.5341380673174708
-0.0023609218436873745 0.00010655518394648832 0.23245916225713373
-0.0023609218436873745 0.00012581939799331105 0.3289390392083146
-0.0023356713426853706 0.00017759197324414717 0.4825431169621896
-0.0023104208416833668 -7.043478260869566e-05 -0.7946076951327876
-0.0022851703406813625 -0.0001787959866220736 -0.884992113496631
-0.0022851703406813625 -0.00011016722408026757 -0.8495773035187476
-0.002259919839679359 0.0001739799331103679 0.47391779081860974
-0.0022346693386773547 -0.00011739130434782609 -0.8583257104560111
-0.0022346693386773547 7.82608695652174e-06 -0.534047100947447
-0.0022346693386773547 8.247491638795987e-05 -0.07044266621260449
-0.002209418837675351 -4.5150501672240804e-05 -0.7502283558533279
-0.002209418837675351 2.8294314381270905e-05 -0.4308518230880649
-0.002209418837675351 3.311036789297659e-05 -0.4093283706546514
-0.002184168336673347 -9.210702341137125e-05 -0.8260656038479831
-0.0021589178356713427 -2.7090301003344486e-05 -0.7093917326567545
-0.0021589178356713427 1.5050167224080269e-05 -0.49726413230755606
-0.0021589178356713427 0.00015591973244147156 0.42584790239328785
-0.002133667334669339 0.00012702341137123746 0.33580702953563407
-0.002133667334669339 0.00017638795986622076 0.4811506501270635
-0.0020831663326653306 -5.418060200668897e-06 -0.630813659065532
-0.0020831663326653306 7.404682274247493e-05 -0.20215248026438729
-0.0020831663326653306 0.00011137123745819399 0.2614928693166883
-0.0020831663326653306 0.00016434782608695653 0.44980480886345253
-0.0020579158316633268 -0.000157123745819398 -0.884992113496631
-0.0020326653306613224 -5.59866220735786e-05 -0.770390499866631
-0.0020074148296593186 -0.00010053511705685619 -0.8371007181539195
-0.0019821643286573147 -0.00011979933110367893 -0.8609385670010405
-0.0019821643286573147 -1.1438127090301004e-05 -0.6593673830433362
-0.0019316633266533065 -0.00013183946488294314 -0.8747878617986425
-0.0019316633266533065 -4.394648829431438e-05 -0.7476430773145812
-0.0019316633266533065 0.00013785953177257527 0.3749050341821819
-0.0018811623246492988 -0.00015953177257525085 -0.884992113496631
-0.0018811623246492988 0.00015591973244147156 0.42810635448998463
-0.0018559118236472947 -0.00010053511705685619 -0.8369595821683636
-0.0018306613226452906 -0.00013665551839464883 -0.8800531542247265
-0.0018306613226452906 0.00010655518394648832 0.23799056922810038
-0.0018054108216432867 -0.00012581939799331105 -0.867793638685858
-0.0018054108216432867 0.00015471571906354516 0.4253208368111197
-0.0017801603206412827 6.561872909698997e-05 -0.2142167621106694
-0.0017801603206412827 0.00016675585284280938 0.45884028032593405
-0.0017549098196392786 -0.0001583277591973244 -0.884992113496631
-0.0017549098196392786 8.127090301003345e-05 -0.08883624508898422
-0.0017549098196392786 0.00014387959866220737 0.39444179679249414
-0.0017296593186372745 5.59866220735786e-05 -0.28883935491224616
-0.0017296593186372745 9.210702341137125e-05 0.16698160727123176
-0.0017044088176352706 3.91304347826087e-05 -0.38396726697936673
-0.0016539078156312624 -3.070234113712375e-05 -0.7182446002252665
-0.0016286573146292583 -0.00013665551839464883 -0.8798360502501249
-0.0016286573146292583 0.00013545150501672243 0.36973553110618806
-0.0016034068136272545 -0.00016555183946488297 -0.884992113496631
-0.0016034068136272545 -8.367892976588629e-05 -0.8138172193751679
-0.0015781563126252504 4.0334448160535115e-05 -0.37884239495759725
-0.0015529058116232465 -2.7090301003344486e-05 -0.709086130606132
-0.0015276553106212424 -6.321070234113713e-05 -0.782378432816026
-0.0015024048096192383 0.00012100334448160536 0.3168537167463603
-0.0014519038076152306 -1.2642140468227424e-05 -0.663944913718137
-0.0014519038076152306 6.020066889632107e-07 -0.5705048540965643
-0.0014519038076152306 0.00010294314381270902 0.22292504209968067
-0.0014519038076152306 0.00011377926421404684 0.28182020743215735
-0.0014266533066132265 -0.00015953177257525085 -0.884992113496631
-0.0014266533066132265 -0.00012220735785953177 -0.8632098449213998
-0.0014014028056112224 8.367892976588629e-05 0.025363218530434797
-0.0014014028056112224 0.00015351170568561875 0.42522466613087845
-0.0013761523046092183 -8.729096989966556e-05 -0.8187204871922942
-0.0013761523046092183 0.00013545150501672243 0.3718014615828257
-0.0013509018036072145 -0.00017036789297658863 -0.884992113496631
-0.0013509018036072145 -1.7458193979933114e-05 -0.680978627043209
-0.0013509018036072145 4.9966555183946487e-05 -0.33049783968010826
-0.0013256513026052104 -0.00013785953177257527 -0.8808371779089291
-0.0013256513026052104 -0.00013304347826086955 -0.8754989891483329
-0.0013256513026052104 0.00013785953177257527 0.37977112962315185
-0.0013004008016032065 0.00016795986622073582 0.4661336092076478
-0.0013004008016032065 0.00017518394648829432 0.4850859560370986
-0.0012751503006012024 -0.00015471571906354516 -0.884992113496631
-0.0012751503006012024 -7.82608695652174e-06 -0.6432252363351874
-0.0012751503006012024 1.2642140468227424e-05 -0.5085315051262359
-0.0012751503006012024 0.00017036789297658863 0.472755079393087
-0.0012498997995991983 -9.57190635451505e-05 -0.8300818685797902
-0.0011993987975951904 -0.00010655518394648832 -0.8440278373558161
-0.0011993987975951904 -6.923076923076924e-05 -0.7918480132369258
-0.0011488977955911822 8.96989966555184e-05 0.1537347091290244
-0.0011236472945891785 -9.331103678929766e-05 -0.8267487319242245
-0.0010983967935871745 -0.00013063545150501674 -0.8725553303757116
-0.0010983967935871745 2.347826086956522e-05 -0.4517299287222354
-0.0010731462925851704 -0.00014267558528428096 -0.884992113496631
-0.0010731462925851704 5.9598662207357865e-05 -0.25131113310411257
-0.0010478957915831663 0.00010053511705685619 0.21480678297968325
-0.0010226452905811624 2.7090301003344486e-05 -0.43364025359156444
-0.0010226452905811624 3.1906354515050165e-05 -0.41139597904500724
-0.0010226452905811624 4.755852842809365e-05 -0.34300203671740814
-0.0009973947895791583 -0.00011016722408026757 -0.8483306351291622
-0.0009973947895791583 5.59866220735786e-05 -0.2821494016591705
-0.0009721442885771542 7.82608695652174e-06 -0.533101171488562
-0.0009721442885771542 2.347826086956522e-05 -0.45144098191314125
-0.0009721442885771542 0.0001234113712374582 0.3323363862498777
-0.0009468937875751504 -1.3846153846153848e-05 -0.6682987460153998
-0.0009216432865731464 -0.0001739799331103679 -0.884992113496631
-0.0009216432865731464 7.525083612040135e-05 -0.1920816005229073
-0.0008963927855711423 -0.00013183946488294314 -0.8737002350762821
-0.0008963927855711423 -9.57190635451505e-05 -0.8297649551694598
-0.0008963927855711423 7.82608695652174e-06 -0.5330422200236183
-0.0008963927855711423 2.1070234113712377e-05 -0.46366299872971567
-0.0008711422845691383 -0.0001053511705685619 -0.8422035061356661
-0.0008458917835671342 -0.0001619397993311037 -0.884992113496631
-0.0008458917835671342 7.645484949832776e-05 -0.17709251568058756
-0.0008458917835671342 0.00015953177257525085 0.4469635613423756
-0.0008206412825651302 -0.00018 -0.884992113496631
-0.0008206412825651302 -0.00011377926421404684 -0.8525760074398423
-0.0008206412825651302 -2.347826086956522e-05 -0.6989673526643371
-0.0008206412825651302 0.00013063545150501674 0.3605728133648833
-0.0007953907815631262 -1.5050167224080269e-05 -0.672578841052703
-0.0007953907815631262 8.488294314381271e-05 0.08545235893467078
-0.0007953907815631262 9.210702341137125e-05 0.17852271905518308
-0.0007953907815631262 0.00013545150501672243 0.37659120336327506
-0.0007701402805611222 -7.404682274247493e-05 -0.7989602452127862
-0.0007701402805611222 -4.8762541806020064e-05 -0.7563089619608315
-0.0007701402805611222 5.719063545150502e-05 -0.2693276325574734
-0.0007448897795591182 -0.0001246153846153846 -0.8653192856869909
-0.0007448897795591182 -9.933110367892977e-05 -0.8343745638056118
-0.0007448897795591182 -6.321070234113713e-05 -0.781801096986265
-0.0007196392785571142 -8.729096989966556e-05 -0.8181573665596731
-0.0006943887775551102 -0.0001294314381270903 -0.8707763284577499
-0.0006691382765531062 -0.00010053511705685619 -0.8358669162292164
-0.0006691382765531062 4.0334448160535115e-05 -0.3759879055820047
-0.0006691382765531062 0.000157123745819398 0.4417159385355819
-0.0006438877755511023 1.0234113712374581e-05 -0.5203279048833148
-0.0006438877755511023 0.00012581939799331105 0.3448670283085089
-0.0006438877755511023 0.0001450836120401338 0.407023849168365
-0.0006186372745490982 -0.0001246153846153846 -0.8651918238355836
-0.0006186372745490982 -0.00011739130434782609 -0.8567192131499077
-0.0006186372745490982 8.96989966555184e-05 0.16285835858356537
-0.0006186372745490982 0.0001583277591973244 0.44555396357327365
-0.0005933867735470942 -0.00017036789297658863 -0.884992113496631
-0.0005933867735470942 -8.96989966555184e-05 -0.8213769477393704
-0.0005933867735470942 5.839464882943144e-05 -0.25695690340964195
-0.0005933867735470942 0.00017638795986622076 0.4942833403178309
-0.0005428857715430862 -0.00011016722408026757 -0.8478973050013164
-0.0005176352705410822 -3.91304347826087e-05 -0.7368041624492887
-0.0005176352705410822 2.9498327759197327e-05 -0.4209123322002506
-0.0005176352705410822 0.00012100334448160536 0.32681182691867566
-0.0005176352705410822 0.00013183946488294314 0.3672402425418262
-0.0005176352705410822 0.00016434782608695653 0.46315172309979624
-0.00046713426853707416 3.551839464882943e-05 -0.39471265287343404
-0.00046713426853707416 6.080267558528429e-05 -0.23569424538616696
-0.0004418837675350701 -5.357859531772576e-05 -0.764992517149157
-0.0004418837675350701 9.451505016722408e-05 0.19337846425850141
-0.0004418837675350701 0.00013785953177257527 0.3870119804630389
-0.0004418837675350701 0.00016916387959866222 0.47681629392219627
-0.0004166332665330661 -0.00015471571906354516 -0.884992113496631
-0.0004166332665330661 0.00013063545150501674 0.3640772967138255
-0.0003913827655310621 -1.9866220735785955e-05 -0.688202216008671
-0.00036613226452905813 -9.210702341137125e-05 -0.8244594755065681
-0.00036613226452905813 6.622073578595319e-06 -0.5388989131725871
-0.0003408817635270541 -8.367892976588629e-05 -0.81275715855601
-0.0003408817635270541 -4.5150501672240804e-05 -0.7490464586198403
-0.0003156312625250501 -4.2742474916387966e-05 -0.7442061752958831
-0.0003156312625250501 6.923076923076924e-05 -0.2002255814729132
-0.0002903807615230461 3.4314381270903016e-05 0.7142834220488999
-0.0002903807615230461 0.000134247491638796 0.852827429625911
-0.0002651302605210421 -5.117056856187291e-05 -0.7467167717211832
-0.0002651302605210421 8.247491638795987e-05 0.7932343617072737
-0.0002398797595190381 8.006688963210702e-05 0.7900193946758655
-0.0002398797595190381 9.692307692307692e-05 0.8115328668697357
-0.00021462925851703407 -7.645484949832776e-05 -0.785583638977969
-0.00021462925851703407 -5.9598662207357865e-05 -0.7606298942422667
-0.00021462925851703407 -3.311036789297659e-05 -0.7119875538798435
-0.00016412825651302606 -9.451505016722408e-05 -0.8092507468928177
-0.00016412825651302606 -1.7458193979933114e-05 -0.6722493972157049
-0.00016412825651302606 2.588628762541806e-05 0.6949782595876407
-0.00013887775551102205 0.0001294314381270903 0.8478854282806912
-0.00011362725450901804 9.03010033444816e-06 0.6423258386930364
-0.00011362725450901804 2.1070234113712377e-05 0.6824227590532886
-0.00011362725450901804 0.00018 0.8832195758202982
-8.837675350701404e-05 1.0234113712374581e-05 0.6472113603158085
-8.837675350701404e-05 0.00011257525083612041 0.8297502919975235
-6.312625250501002e-05 -4.8762541806020064e-05 -0.7425181922921672
-6.312625250501002e-05 1.5050167224080269e-05 0.6644245585445416
-3.787575150300601e-05 -0.00012702341137123746 -0.8464773034471064
-3.787575150300601e-05 6.561872909698997e-05 0.7695164486346853
1.2625250501002003e-05 -0.00017759197324414717 -0.5049282237251262
1.2625250501002003e-05 -9.57190635451505e-05 -0.20154777698202275
1.2625250501002003e-05 -8.006688963210702e-05 0.02471556301507245
3.787575150300601e-05 0.00013906354515050168 0.8791023376146138
6.312625250501002e-05 -0.00015471571906354516 -0.44146795865798283
8.837675350701404e-05 -0.00016434782608695653 -0.46851188515357534
8.837675350701404e-05 -0.0001294314381270903 -0.37222065628511075
8.837675350701404e-05 -3.551839464882943e-05 0.38841856470192093
0.00011362725450901804 -0.0001583277591973244 -0.45124214172216914
0.00011362725450901804 2.7090301003344486e-05 0.7080905437164609
0.00013887775551102205 -0.0001053511705685619 -0.24811684301010314
0.00013887775551102205 0.0001053511705685619 0.8405092485154672
0.00013887775551102205 0.0001462876254180602 0.8832195758202982
0.00018937875751503006 -1.6254180602006688e-05 0.48572739887520167
0.00018937875751503006 3.070234113712375e-05 0.7171859205770401
0.00021462925851703407 -6.321070234113713e-05 0.22264150047954256
0.0002398797595190381 -0.0001282274247491639 -0.36729947730470625
0.0002398797595190381 -2.1070234113712377e-05 0.4607981777793617
0.0002398797595190381 3.1906354515050165e-05 0.7201059700605269
0.0002398797595190381 7.163879598662208e-05 0.7943402259731435
0.0002398797595190381 9.692307692307692e-05 0.8299081866270887
0.0002903807615230461 -0.00012220735785953177 -0.34575831600726253
0.0002903807615230461 -9.451505016722408e-05 -0.19998238275699948
0.0003156312625250501 0.00011739130434782609 0.8552076004378515
0.0003408817635270541 -7.28428093645485e-05 0.17022288651664275
0.0003408817635270541 -9.03010033444816e-06 0.5238077818011154
0.00036613226452905813 -6.080267558528429e-05 0.239421646607973
0.0003913827655310621 5.478260869565218e-05 0.7667446576626495
0.0003913827655310621 6.441471571906355e-05 0.7830783412306899
0.0004166332665330661 -0.00011979933110367893 -0.33402844215045585
0.0004166332665330661 -6.923076923076924e-05 0.19270069423954028
0.0004418837675350701 0.00011979933110367893 0.8581500779994791
0.0004418837675350701 0.00012100334448160536 0.8595415663238563
0.00046713426853707416 2.1070234113712377e-05 0.6916196388293665
0.0004923847695390781 5.357859531772576e-05 0.7646724852981482
0.0005428857715430862 9.692307692307692e-05 0.8302084927757195
0.0005428857715430862 0.00014147157190635452 0.8822539740661008
0.0005428857715430862 0.00017518394648829432 0.8832195758202982
0.0005681362725450902 -0.00013063545150501674 -0.37169732241751335
0.0005681362725450902 0.00011498327759197326 0.8526422210362385
0.0005933867735470942 -8.006688963210702e-05 0.056847637568279194
0.0006186372745490982 -0.00013304347826086955 -0.3780745417448021
0.0006438877755511023 -0.00014749163879598662 -0.4158363152176568
0.0006691382765531062 -0.0001739799331103679 -0.4888804552540758
0.0006691382765531062 -0.00015471571906354516 -0.4356073955491865
0.0006691382765531062 -3.792642140468228e-05 0.3791607411045911
0.0007196392785571142 -0.00013545150501672243 -0.38372465167269026
0.0007196392785571142 -1.5050167224080269e-05 0.4929484011747597
0.0007448897795591182 -0.0001619397993311037 -0.4551355955366198
0.0007448897795591182 -0.0001511036789297659 -0.4248488762194993
0.0007448897795591182 -3.6722408026755854e-05 0.38517703526916236
0.0007701402805611222 -0.00013063545150501674 -0.3700072851286634
0.0007701402805611222 -0.00010775919732441473 -0.25458252878504534
0.0007701402805611222 -9.933110367892977e-05 -0.206777699974667
0.0007953907815631262 -0.0001511036789297659 -0.42439067898288974
0.0007953907815631262 -4.214046822742475e-06 0.549502433286621
0.0007953907815631262 0.0001450836120401338 0.8832195758202982
0.0008206412825651302 -2.7090301003344486e-05 0.4318752463522801
0.0008206412825651302 0.00017638795986622076 0.8832195758202982
0.0008458917835671342 -8.608695652173914e-05 -0.139439409516655
0.0008711422845691383 -7.88628762541806e-05 0.09810229134708778
0.0008963927855711423 -0.00013906354515050168 -0.39167005930422055
0.0008963927855711423 -4.394648829431438e-05 0.35039502913963744
0.0008963927855711423 2.4682274247491638e-05 0.7021091913307909
0.0008963927855711423 6.561872909698997e-05 0.7854447249106695
0.0009216432865731464 -0.00012100334448160536 -0.33346350253179924
0.0009973947895791583 -0.00016675585284280938 -0.46601831585640563
0.0009973947895791583 2.347826086956522e-05 0.698829882777635
0.0009973947895791583 9.090301003344483e-05 0.8226803478365725
0.0010226452905811624 -0.00016916387959866222 -0.4723708471241323
0.0010226452905811624 -9.933110367892977e-05 -0.20503375378909505
0.0010478957915831663 -7.88628762541806e-05 0.10430022494844378
0.0010478957915831663 4.214046822742475e-06 0.6228899362339045
0.0010731462925851704 -0.00012100334448160536 -0.3316563293772764
0.0010731462925851704 3.0100334448160537e-06 0.6146693044207215
0.0010731462925851704 6.802675585284281e-05 0.7894357281160479
0.0010983967935871745 -9.57190635451505e-05 -0.20013875754987256
0.0010983967935871745 3.070234113712375e-05 0.71772124890505
0.0011236472945891785 4.9966555183946487e-05 0.7585278088609954
0.0011236472945891785 8.127090301003345e-05 0.8094029192206111
0.0011488977955911822 -0.00011498327759197326 -0.2979892989821812
0.0011741482965931863 -8.247491638795987e-05 0.012934336261132193
0.0011741482965931863 3.4314381270903016e-05 0.7262962727017299
0.0011993987975951904 -0.00016675585284280938 -0.46403057189684854
0.0011993987975951904 6.802675585284281e-05 0.7895437508916396
0.0011993987975951904 7.525083612040135e-05 0.8006519547262743
0.0012246492985971945 -0.00012581939799331105 -0.3499659886893817
0.0012246492985971945 0.00012581939799331105 0.8659149354273298
0.0012498997995991983 -0.00013545150501672243 -0.3796356973654237
0.0012498997995991983 8.006688963210702e-05 0.8077847843465108
0.0012751503006012024 3.91304347826087e-05 0.7370157678651645
0.0013004008016032065 -1.3846153846153848e-05 0.5000796618890941
0.0013004008016032065 -1.0234113712374581e-05 0.5185951729475952
0.0013004008016032065 0.00011498327759197326 0.8534350375767068
0.0013256513026052104 -0.0001631438127090301 -0.4528390265001078
0.0013256513026052104 -0.00015471571906354516 -0.4295404974181064
0.0013256513026052104 -4.8762541806020064e-05 0.32653324932484806
0.0013256513026052104 4.1538461538461544e-05 0.7421124298301418
0.0013509018036072145 0.00017157190635451507 0.8832195758202982
0.0013761523046092183 -6.923076923076924e-05 0.19922041748977498
0.0013761523046092183 -2.9498327759197327e-05 0.42172422517107655
0.0014014028056112224 4.394648829431438e-05 0.74707193483377
0.0014014028056112224 8.488294314381271e-05 0.8147880386934891
0.0014266533066132265 -0.00014267558528428096 -0.3967698167007859
0.0014266533066132265 -2.8294314381270905e-05 0.42772311700226023
0.0014266533066132265 2.588628762541806e-05 0.7056476202087548
0.0014519038076152306 0.00014147157190635452 0.8832195758202982
0.0014771543086172345 -4.6354515050167226e-05 0.3406750736324207
0.0014771543086172345 6.080267558528429e-05 0.7779995861447615
0.0015276553106212424 0.00016916387959866222 0.8832195758202982
0.0015529058116232465 -0.00014749163879598662 -0.40815583109777487
0.0015529058116232465 -9.03010033444816e-06 0.5250331288709497
0.0015529058116232465 0.00015953177257525085 0.8832195758202982
0.0015781563126252504 0.0001053511705685619 0.8420044849945963
0.0015781563126252504 0.0001282274247491639 0.8690317863208661
0.0016034068136272545 -1.1438127090301004e-05 0.5127904839239811
0.0016034068136272545 7.28428093645485e-05 0.7973748204776514
0.0016286573146292583 -9.692307692307692e-05 -0.20007846699912618
0.0016286573146292583 3.070234113712375e-05 0.7180379472331382
0.0016539078156312624 -0.00017518394648829432 -0.4823398304516288
0.0016539078156312624 -0.00016434782608695653 -0.4530336282129306
0.0016539078156312624 -7.525083612040135e-05 0.16756997593577194
0.0016539078156312624 0.00014147157190635452 0.8832195758202982
0.0016791583166332665 -1.2642140468227424e-05 0.506760728249474
0.0016791583166332665 2.4682274247491638e-05 0.7025307460867543
0.0016791583166332665 5.59866220735786e-05 0.7698741574607028
0.0016791583166332665 7.765886287625418e-05 0.8046635714843402
0.0016791583166332665 0.00011016722408026757 0.8480501338592819
0.0017044088176352706 -1.8060200668896322e-06 0.5624848400525817
0.0017296593186372745 -4.394648829431438e-05 0.3543617223233642
0.0017296593186372745 0.00014147157190635452 0.8832195758202982
0.0017549098196392786 -0.00014989966555183947 -0.41283416626515396
0.0017549098196392786 -6.321070234113713e-05 0.23578173933821103
0.0017801603206412827 4.394648829431438e-05 0.7473399180772986
0.0018306613226452906 -6.923076923076924e-05 0.20230676616747023
0.0018306613226452906 4.0334448160535115e-05 0.7399449043920843
0.0018306613226452906 5.59866220735786e-05 0.7699942389655233
0.0018559118236472947 -8.849498327759198e-05 -0.15205789047698756
0.0018811623246492988 0.00016916387959866222 0.8832195758202982
0.0019064128256513029 -0.00011739130434782609 -0.30142005461908816
0.0019064128256513029 -3.0100334448160537e-06 0.556253661044721
0.0019316633266533065 6.682274247491639e-05 0.788257683440952
0.0019569138276553104 -0.00017638795986622076 -0.48259125982509665
0.0019569138276553104 -0.0001234113712374582 -0.33226192650931474
0.0019569138276553104 -0.00010173913043478261 -0.2063706277088512
0.0019569138276553104 6.923076923076924e-05 0.7920972309517691
0.0019569138276553104 0.00012100334448160536 0.8612293198013722
0.0019569138276553104 0.0001462876254180602 0.8832195758202982
0.0019821643286573147 -0.00017518394648829432 -0.47918317955044293
0.0019821643286573147 -6.561872909698997e-05 0.22284544960877728
0.0019821643286573147 0.000134247491638796 0.8761764192216899
0.0020074148296593186 -0.0001450836120401338 -0.39843630592964374
0.0020074148296593186 -0.00011979933110367893 -0.313786748626046
0.0020074148296593186 5.478260869565218e-05 0.7679992545727389
0.0020074148296593186 0.00016434782608695653 0.8832195758202982
0.0020074148296593186 0.00017277591973244148 0.8832195758202982
0.0020326653306613224 -4.755852842809365e-05 0.3371430042426382
0.0020326653306613224 9.692307692307692e-05 0.8317110560444415
0.0020326653306613224 0.00018 0.8832195758202982
0.0020579158316633268 -0.00013906354515050168 -0.38300250450638906
0.0020579158316633268 -5.478260869565218e-05 0.29460030052648856
0.0020579158316633268 1.6254180602006688e-05 0.6770869243469129
0.0020579158316633268 6.441471571906355e-05 0.784471767980233
0.0020831663326653306 -0.00017638795986622076 -0.48138741250431566
0.0020831663326653306 -4.8762541806020064e-05 0.3308680322370748
0.0021084168336673345 -0.0001739799331103679 -0.4747931198409229
0.0021084168336673345 2.588628762541806e-05 0.7060266673062502
0.0021084168336673345 0.000134247491638796 0.8763263755434781
0.002133667334669339 -7.525083612040135e-05 0.1735235482306477
0.002133667334669339 -1.9866220735785955e-05 0.471108458451796
0.002133667334669339 0.00016073578595317725 0.8832195758202982
0.0021589178356713427 -0.00015471571906354516 -0.4222522222373181
0.0021589178356713427 -5.117056856187291e-05 0.31762371946200113
0.0021589178356713427 4.0334448160535115e-05 0.7401700126864875
0.0021589178356713427 9.331103678929766e-05 0.82706461438818
0.0021589178356713427 0.00016073578595317725 0.8832195758202982
0.002184168336673347 -0.00016434782608695653 -0.4480982196073879
0.002184168336673347 8.96989966555184e-05 0.8222120597957194
0.002184168336673347 9.210702341137125e-05 0.8254756850033321
0.002184168336673347 0.00011739130434782609 0.8572626721123664
0.002184168336673347 0.0001619397993311037 0.8832195758202982
0.002184168336673347 0.0001787959866220736 0.8832195758202982
0.002209418837675351 -0.00016073578595317725 -0.438047820302306
0.002209418837675351 -6.080267558528429e-05 0.25539370436490244
0.002209418837675351 5.418060200668897e-06 0.6304709308183256
0.002209418837675351 9.812709030100335e-05 0.8334629026660986
0.0022346693386773547 -0.00011137123745819399 -0.2561680675113406
0.002259919839679359 -5.839464882943144e-05 0.27205026386618303
0.002259919839679359 7.645484949832776e-05 0.8034143955962436
0.0023104208416833668 -0.00017518394648829432 -0.47606954748782443
0.0023104208416833668 -4.5150501672240804e-05 0.35099834811951236
0.0023104208416833668 -2.588628762541806e-05 0.4418593194748841
0.0023104208416833668 0.00012100334448160536 0.8616304244492599
0.0023104208416833668 0.00015591973244147156 0.8832195758202982
0.0023356713426853706 -0.00010655518394648832 -0.22437219323908647
0.0023356713426853706 -7.88628762541806e-05 0.13981677487992591
0.0023356713426853706 0.0001234113712374582 0.8644389015824977
0.0023609218436873745 -3.6722408026755854e-05 0.39098190931934523
0.0023609218436873745 8.006688963210702e-05 0.808822372472831
0.0023609218436873745 9.331103678929766e-05 0.8272687243530715
0.0023609218436873745 0.00011016722408026757 0.8487896216082119
0.0024114228456913827 2.8294314381270905e-05 0.7124942311190328
0.0024114228456913827 9.090301003344483e-05 0.8240768319585587
0.002436673346693387 -0.00013063545150501674 -0.3555930736373005
0.002461923847695391 5.418060200668897e-06 0.6305350558333669
0.0024871743486973947 -4.755852842809365e-05 0.33948718124869814
0.0024871743486973947 0.00010414715719063544 0.8414585880034411
0.002512424849699399 -0.00013545150501672243 -0.3698844119188377
0.002512424849699399 4.214046822742475e-06 0.6232085343567486
0.002512424849699399 9.090301003344483e-05 0.824178085298135
0.002512424849699399 9.451505016722408e-05 0.829027388786288
0.002512424849699399 0.0001631438127090301 0.8832195758202982
0.002512424849699399 0.00017036789297658863 0.8832195758202982
0.002537675350701403 -0.0001511036789297659 -0.40966873394402603
0.002537675350701403 -0.0001053511705685619 -0.21596492710805026
0.002537675350701403 1.2642140468227424e-05 0.6641773711549306
0.0025629258517034068 -2.8294314381270905e-05 0.43092639117194503
0.0025629258517034068 0.00016675585284280938 0.8832195758202982
0.002588176352705411 0.00015953177257525085 0.8832195758202982
0.002613426853707415 -5.9598662207357865e-05 0.266786632920462
0.002638677354709419 -0.00016916387959866222 -0.45696266242614064
0.002638677354709419 -4.394648829431438e-05 0.35839630412750667
0.002638677354709419 6.622073578595319e-06 0.6372335490205199
0.0026639278557114227 4.214046822742475e-06 0.6232420515688187
0.0026891783567134266 -5.418060200668897e-06 0.5442624035519372
0.002714428857715431 0.00013785953177257527 0.8809907813267103
0.0027396793587174347 -0.00010775919732441473 -0.22620791447294997
0.0027396793587174347 0.00013183946488294314 0.8744233717174186
0.0027396793587174347 0.00016916387959866222 0.8832195758202982
0.002764929859719439 -8.488294314381271e-05 0.024550505403218605
0.002764929859719439 0.00012220735785953177 0.863546105324186
0.002790180360721443 4.214046822742475e-06 0.6232700643361567
0.002840681362725451 -0.00010655518394648832 -0.21867643491216507
0.002840681362725451 -7.043478260869566e-05 0.203412491776503
0.002840681362725451 3.551839464882943e-05 0.730109702648148
0.002840681362725451 4.5150501672240804e-05 0.7505128523138221
0.002840681362725451 0.00012581939799331105 0.8677779444215877
0.002840681362725451 0.0001583277591973244 0.8832195758202982
0.002891182364729459 -0.00013785953177257527 -0.3736951343846709
0.002891182364729459 -0.00010053511705685619 -0.20017377528653785
0.002891182364729459 7.28428093645485e-05 0.798536806440029
0.002891182364729459 9.331103678929766e-05 0.8278084457322535
0.002941683366733467 8.849498327759198e-05 0.8213140483946813
0.002941683366733467 0.00017638795986622076 0.8832195758202982
0.0029669338677354713 -0.00014869565217391306 -0.40032776500230816
0.0029669338677354713 -0.00013183946488294314 -0.35494337258247244
0.0029669338677354713 -0.00010655518394648832 -0.21736488829501666
0.0029669338677354713 -4.1538461538461544e-05 0.3711139401897342
0.0029669338677354713 0.00016916387959866222 0.8832195758202982
0.0029921843687374747 0.0001246153846153846 0.8665807383254629
0.0029921843687374747 0.00015953177257525085 0.8832195758202982
0.003042685370741483 -1.1438127090301004e-05 0.5144753514427123
0.003042685370741483 0.00010294314381270902 0.8405297369815958
0.003067935871743487 -5.59866220735786e-05 0.29411353530118023
0.003067935871743487 1.2642140468227424e-05 0.6643901226373322
0.003067935871743487 7.163879598662208e-05 0.7968435758596997
0.003093186372745491 -0.00016675585284280938 -0.44642945893520286
0.003093186372745491 -0.00012702341137123746 -0.3354837079402959
0.003093186372745491 5.9598662207357865e-05 0.777294744664285
0.003093186372745491 7.645484949832776e-05 0.804189671396233
0.003093186372745491 0.00012100334448160536 0.8625287249005473
0.003118436873747495 0.00010294314381270902 0.8406111075759994
0.0031689378757515027 2.1070234113712377e-05 0.6929841406553854
0.0031689378757515027 0.00012100334448160536 0.862616409597812
0.0031941883767535066 -0.00017759197324414717 -0.47420157196561014
0.0031941883767535066 -0.00012702341137123746 -0.33440471774820046
0.0031941883767535066 -0.00011618729096989968 -0.2740106884443661
0.003219438877755511 -7.043478260869566e-05 0.20595937889597996
0.003219438877755511 1.8060200668896322e-06 0.6053282917520115
0.003219438877755511 0.0001739799331103679 0.8832195758202982
0.0032446893787575148 -0.00010173913043478261 -0.2005903004112909
0.0032446893787575148 -8.127090301003345e-05 0.12579005529838816
0.0032699398797595186 -0.00014749163879598662 -0.3952160121239778
0.003295190380761523 -0.00018 -0.47950994443460043
0.003295190380761523 8.006688963210702e-05 0.8097128373967484
0.003345691382765531 3.91304347826087e-05 0.7384250921701618
0.003396192384769539 0.0001294314381270903 0.8725211486030657
0.003421442885771543 4.6354515050167226e-05 0.7533240815757474
0.003446693386773547 -7.163879598662208e-05 0.20175435471361358
0.003446693386773547 -3.4314381270903016e-05 0.40542165748581405
0.003471943887775551 0.0001739799331103679 0.8832195758202982
0.003497194388777555 0.00014026755852842811 0.8832195758202982
0.003522444889779559 9.331103678929766e-05 0.8284585214637358
0.0035476953907815634 -5.357859531772576e-05 0.31201657012260786
0.0035476953907815634 -1.2642140468227424e-05 0.5091343401397015
0.0035476953907815634 1.5050167224080269e-05 0.6735528258965859
0.0035729458917835672 2.2274247491638796e-05 0.6967532135230119
0.003598196392785571 -0.00013183946488294314 -0.34927193374243737
0.003598196392785571 4.1538461538461544e-05 0.7437069923943563
0.0036234468937875754 -3.1906354515050165e-05 0.4169477008607296
0.0036234468937875754 2.588628762541806e-05 0.7068877728865032
0.0036486973947895793 -0.00016675585284280938 -0.44162050911504946
0.0036486973947895793 -9.57190635451505e-05 -0.1980330812081172
0.0036486973947895793 -4.0334448160535115e-05 0.3790922737507827
0.0036486973947895793 9.692307692307692e-05 0.8333919609257663
0.0036486973947895793 0.00010655518394648832 0.8457408822302123
0.0036486973947895793 0.00014869565217391306 0.8832195758202982
0.003673947895791583 -0.00017277591973244148 -0.45729358868941083
0.003673947895791583 -4.214046822742475e-06 0.5507768659416168
0.0036991983967935875 -0.0001787959866220736 -0.47277921386299965
0.0036991983967935875 -0.00013063545150501674 -0.34388200557628257
0.0036991983967935875 0.0001234113712374582 0.8660279426657523
0.0036991983967935875 0.00017157190635451507 0.8832195758202982
0.0037244488977955913 7.525083612040135e-05 0.8029747098412875
0.0037496993987975956 -1.8060200668896322e-06 0.5628657461927778
0.0037496993987975956 0.00012100334448160536 0.8632931482141583
0.0037496993987975956 0.00016795986622073582 0.8832195758202982
0.0037749498997995995 -0.00014026755852842811 -0.37370391628110056
0.0038002004008016034 -0.0001511036789297659 -0.4002512948598928
0.0038002004008016034 -7.404682274247493e-05 0.19346401070682592
0.0038002004008016034 -4.8762541806020064e-05 0.33970854926129174
0.0038002004008016034 1.5050167224080269e-05 0.6736653006229113
0.0038002004008016034 5.9598662207357865e-05 0.7778911408740525
0.0038254509018036077 -4.8762541806020064e-05 0.3398295087331133
0.0038254509018036077 0.00016434782608695653 0.8832195758202982
0.0038507014028056107 -0.00016916387959866222 -0.4462490829013062
0.0038507014028056107 -0.00012581939799331105 -0.32156467051544524
0.003875951903807615 -3.91304347826087e-05 0.3852444231678309
0.003901202404809619 -0.00016434782608695653 -0.43317266203041005
0.003901202404809619 -2.1070234113712377e-05 0.46872310565711955
0.003901202404809619 1.7458193979933114e-05 0.681987730038309
0.003901202404809619 0.00016073578595317725 0.8832195758202982
0.003951703406813627 0.0001631438127090301 0.8832195758202982
0.003976953907815631 -7.645484949832776e-05 0.1833330763948331
0.003976953907815631 0.00016675585284280938 0.8832195758202982
0.004002204408817635 6.20066889632107e-05 0.7821527984096034
0.004002204408817635 8.127090301003345e-05 0.8121512339999667
0.0040274549098196395 5.237458193979933e-05 0.7652430868904722
0.004052705410821643 6.682274247491639e-05 0.7901255148905696
0.004052705410821643 0.0001053511705685619 0.8446769489059588
0.004052705410821643 0.00010655518394648832 0.8461886781513916
0.004077955911823647 -5.59866220735786e-05 0.3009639920700918
0.004077955911823647 0.00011618729096989968 0.857991030618599
0.004103206412825651 -0.00017638795986622076 -0.462984518130678
0.004103206412825651 8.849498327759198e-05 0.8224891811473974
0.004103206412825651 0.0001631438127090301 0.8832195758202982
0.004128456913827655 -0.0001234113712374582 -0.3055917201997509
0.004128456913827655 7.525083612040135e-05 0.8033574444679817
0.004153707414829659 -0.00013063545150501674 -0.33946358993287157
0.004153707414829659 6.20066889632107e-05 0.7822846050954035
0.004153707414829659 0.00013906354515050168 0.8832195758202982
0.004178957915831664 2.2274247491638796e-05 0.6970807698076851
0.004178957915831664 0.00017277591973244148 0.8832195758202982
0.0042042084168336675 6.622073578595319e-06 0.6376877998175
0.0042042084168336675 3.91304347826087e-05 0.7390269061977613
0.0042042084168336675 7.765886287625418e-05 0.8070427572476399
0.0042042084168336675 0.00014869565217391306 0.8832195758202982
0.004229458917835671 0.00011377926421404684 0.855272942117507
0.004254709418837675 -9.331103678929766e-05 -0.16187012815599208
0.004254709418837675 -5.59866220735786e-05 0.30210251478881855
0.004254709418837675 9.812709030100335e-05 0.8356193393265889
0.004279959919839679 -1.2642140468227424e-05 0.5099955533150379
0.004305210420841684 -9.331103678929766e-05 -0.16026820717628426
0.004305210420841684 4.8762541806020064e-05 0.7586757994966781
0.004330460921843688 0.00017638795986622076 0.8832195758202982
0.004355711422845692 8.247491638795987e-05 0.8142414335618924
0.0043809619238476954 -0.00017157190635451507 -0.4480644282054405
0.0043809619238476954 -5.59866220735786e-05 0.3029051982354813
0.004406212424849699 0.00010294314381270902 0.8420137368157556
0.004406212424849699 0.00016795986622073582 0.8832195758202982
0.004431462925851704 4.9966555183946487e-05 0.7610693395936535
0.004456713426853708 0.00011979933110367893 0.8627155235361742
0.004481963927855712 -0.00017759197324414717 -0.46282893435540495
0.004481963927855712 -0.00014869565217391306 -0.38986069587841404
0.004481963927855712 7.88628762541806e-05 0.8090976558099806
0.004507214428857716 -0.00010896321070234115 -0.21376883096026378
0.004507214428857716 -5.59866220735786e-05 0.303699260329596
0.004507214428857716 -4.6354515050167226e-05 0.35469469215754845
0.0045324649298597195 -0.00010896321070234115 -0.2135493157470395
0.0045324649298597195 0.0001053511705685619 0.8452107745968808
0.004557715430861723 -5.719063545150502e-05 0.29672006617146185
0.004582965931863727 -4.1538461538461544e-05 0.37696020365163585
0.004582965931863727 9.03010033444816e-06 0.6497150494806736
0.004582965931863727 0.00010775919732441473 0.8482875763290926
0.004608216432865731 -9.331103678929766e-05 -0.14988829628906883
0.004633466933867735 -0.0001631438127090301 -0.4242060370376909
0.004633466933867735 -0.00013545150501672243 -0.35268950115181275
0.004633466933867735 -0.00011498327759197326 -0.24513868711377973
0.004633466933867735 -4.8762541806020064e-05 0.3435771725511151
0.004658717434869739 -9.090301003344483e-05 -0.07873697844495142
0.004658717434869739 -3.6722408026755854e-05 0.39832642969943666
0.004683967935871744 7.645484949832776e-05 0.8057065894037417
0.0047092184368737475 -0.00017638795986622076 -0.4577896124420885
0.0047092184368737475 -0.00016073578595317725 -0.41751864211855033
0.004734468937875751 -0.00010655518394648832 -0.20394429160997063
0.004734468937875751 -2.347826086956522e-05 0.4589345777900449
0.004759719438877755 -5.418060200668897e-06 0.5453351045538501
0.004784969939879759 -1.5050167224080269e-05 0.49905785096146116
0.004810220440881764 -0.00014387959866220737 -0.37589705006321983
0.004810220440881764 9.090301003344483e-05 0.8265383605310537
0.004835470941883768 -0.00010173913043478261 -0.20124433811058243
0.004860721442885772 -5.478260869565218e-05 0.31283701040782796
0.004860721442885772 7.28428093645485e-05 0.8003734395112343
0.0048859719438877755 -0.00015351170568561875 -0.39855879647424863
0.0048859719438877755 -0.00014869565217391306 -0.3872114299670952
0.004936472945891783 -6.561872909698997e-05 0.2458885429624331
0.004961723446893788 -0.00011498327759197326 -0.2408118406583041
0.004961723446893788 5.357859531772576e-05 0.7682146719253476
0.004961723446893788 5.478260869565218e-05 0.770400095419072
0.005012224448897796 -1.7458193979933114e-05 0.48790988052051515
0.005012224448897796 0.00011377926421404684 0.8561811675127993
0.005062725450901803 -1.6254180602006688e-05 0.49370292890073625
0.005062725450901803 1.0234113712374581e-05 0.6552803879455338
0.005062725450901803 2.7090301003344486e-05 0.7109498767253596
0.005087975951903808 -0.00010775919732441473 -0.20529023686497305
0.005087975951903808 -8.96989966555184e-05 -0.007317013077839399
0.005087975951903808 0.0001282274247491639 0.8732223217679693
0.005113226452905812 7.043478260869566e-05 0.7968579982845397
0.005138476953907816 -0.00013063545150501674 -0.3294941439681809
0.005138476953907816 0.0001246153846153846 0.8691474591178957
0.005138476953907816 0.00014749163879598662 0.8832195758202982
0.00516372745490982 7.82608695652174e-06 0.6441636409601459
0.005188977955911824 1.5050167224080269e-05 0.6742946034812589
0.005214228456913828 -5.9598662207357865e-05 0.2861309403295832
0.005264729458917835 2.7090301003344486e-05 0.7110728296098016
0.005264729458917835 0.00015953177257525085 0.8832195758202982
0.005315230460921843 1.6254180602006688e-05 0.6785945450004215
0.005340480961923848 -0.00011377926421404684 -0.2291715408142108
0.005340480961923848 -5.237458193979933e-05 0.3285392134916701
0.005340480961923848 -2.2274247491638796e-05 0.46577051288695526
0.005365731462925852 -0.00013063545150501674 -0.32711443586093336
0.005365731462925852 -6.561872909698997e-05 0.24908592342795682
0.005365731462925852 -4.6354515050167226e-05 0.35811810737397465
0.005365731462925852 2.7090301003344486e-05 0.711134501890499
0.0053909819639278555 -0.00013906354515050168 -0.35818807204987385
0.0053909819639278555 -0.00010294314381270902 -0.20109279276937517
0.005416232464929859 -0.00016434782608695653 -0.421302127398849
0.005416232464929859 3.070234113712375e-05 0.7204010569439003
0.005416232464929859 0.00012702341137123746 0.8722563788561845
0.005441482965931863 -5.839464882943144e-05 0.29509203857548466
0.005466733466933868 -0.00010896321070234115 -0.2066472814422287
0.005466733466933868 -9.331103678929766e-05 -0.11307618713585202
0.005491983967935872 -0.00018 -0.4604995351996409
0.005491983967935872 2.7090301003344486e-05 0.711211776839663
0.005491983967935872 0.00011137123745819399 0.8538035186551131
0.005491983967935872 0.00011498327759197326 0.8582033096755627
0.005517234468937876 -8.849498327759198e-05 0.051373350399683125
0.005517234468937876 0.0001511036789297659 0.8832195758202982
0.0055677354709418835 5.478260869565218e-05 0.7709108352790875
0.005592985971943888 -7.765886287625418e-05 0.1887274234362093
0.005592985971943888 5.117056856187291e-05 0.7642779522399524
0.005592985971943888 0.00013304347826086955 0.8792795470833473
0.005592985971943888 0.00014387959866220737 0.8832195758202982
0.005618236472945892 6.682274247491639e-05 0.7915570185777551
0.005618236472945892 0.00011377926421404684 0.8568945409563636
0.005618236472945892 0.0001619397993311037 0.8832195758202982
0.005643486973947896 0.0001282274247491639 0.8739136932725642
0.005693987975951904 -8.247491638795987e-05 0.15783434500608645
0.005693987975951904 4.6354515050167226e-05 0.7550734886722751
0.0057192384769539075 -9.933110367892977e-05 -0.19741452786953806
0.0057192384769539075 5.719063545150502e-05 0.7753457839787594
0.0057192384769539075 8.608695652173914e-05 0.8207899988362597
0.005744488977955912 -0.00011739130434782609 -0.24546938160126733
0.005769739478957916 -0.0001462876254180602 -0.37558610616502713
0.005769739478957916 0.00014869565217391306 0.8832195758202982
0.00579498997995992 0.00010414715719063544 0.8451098134925232
0.005820240480961924 -0.0001246153846153846 -0.2900820713478751
0.005820240480961924 -0.00011257525083612041 -0.2180416539164482
0.005820240480961924 6.622073578595319e-06 0.6381728481742848
0.005820240480961924 5.117056856187291e-05 0.7644653561545957
0.005820240480961924 5.59866220735786e-05 0.7732921681646658
0.005845490981963928 0.00014869565217391306 0.8832195758202982
0.0058707414829659325 0.00010775919732441473 0.8497637056621768
0.005895991983967936 -0.00017638795986622076 -0.44806000418344505
0.005895991983967936 -0.00017277591973244148 -0.43890590903240767
0.005895991983967936 -0.00014026755852842811 -0.3579977900199713
0.005946492985971944 -6.682274247491639e-05 0.2459191274259441
0.005946492985971944 0.0001787959866220736 0.8832195758202982
0.005971743486973948 0.00011739130434782609 0.8616727890555175
0.005971743486973948 0.00015351170568561875 0.8832195758202982
0.005996993987975952 5.9598662207357865e-05 0.7798005606919779
0.006022244488977956 -0.00014026755852842811 -0.357025631368423
0.006022244488977956 0.0001053511705685619 0.8469027703951297
0.00604749498997996 -0.00015471571906354516 -0.39382764112960517
0.00604749498997996 9.090301003344483e-05 0.8278563996501159
0.0060727454909819635 -3.792642140468228e-05 0.39725474761563917
0.0060727454909819635 3.311036789297659e-05 0.7266814795317934
0.006123246492985972 -1.5050167224080269e-05 0.5007759739753829
0.006148496993987976 -0.00014869565217391306 -0.3790991259640565
0.006148496993987976 -0.00013063545150501674 -0.3186866460572523
0.006148496993987976 4.0334448160535115e-05 0.7430292299795501
0.006198997995991984 -7.88628762541806e-05 0.18708185513751427
0.006198997995991984 8.608695652173914e-05 0.8212941354953183
0.006198997995991984 0.00017157190635451507 0.8832195758202982
0.0062242484969939876 -0.00014989966555183947 -0.38152185186753135
0.0062242484969939876 -0.00014267558528428096 -0.3627300121161694
0.0062242484969939876 0.0001631438127090301 0.8832195758202982
0.0062242484969939876 0.0001787959866220736 0.8832195758202982
0.0062242484969939876 0.00018 0.8832195758202982
0.006249498997995992 -0.0001246153846153846 -0.28429378315923653
0.006274749498997996 -0.0001462876254180602 -0.37224165431540024
0.006274749498997996 -0.00013545150501672243 -0.3381728203762258
0.006274749498997996 -9.692307692307692e-05 -0.16385999873771545
0.006274749498997996 -8.127090301003345e-05 0.17437123951831252
0.006274749498997996 -7.82608695652174e-06 0.5346896270462409
0.006274749498997996 6.923076923076924e-05 0.7960525330064656
0.0063 -2.8294314381270905e-05 0.4401380535390743
0.0063 0.00016795986622073582 0.8832195758202982
