H	mur
0	4021.0642194923064588
0.001	4021.0642194923064588
0.197	4021.0642194923064588
0.198	4021.0642194923064484
0.199	4020.9722600073847803
0.2	4020.6987477822006088
0.201	4020.2471948389283281
0.202	4019.6210636564634531
0.203	4018.8237674613662032
0.204	4017.8586705373310548
0.205	4016.7290885519147515
0.206	4015.4382888993137439
0.207	4013.9894910580391339
0.208	4012.3858669623906181
0.209	4010.6305413866836197
0.21	4008.7265923412325672
0.211	4006.6770514791419595
0.212	4004.4849045130019743
0.213	4002.1530916406299265
0.214	3999.684507979039872
0.215	3997.0820040058641814
0.216	3994.3483860074885314
0.217	3991.4864165331990773
0.218	3988.4988148546764686
0.219	3985.3882574302039563
0.22	3982.1573783729909126
0.221	3978.8087699230427468
0.222	3975.3449829220389521
0.223	3971.7685272907089501
0.224	3968.081872508222075
0.225	3964.2874480931356577
0.226	3960.3876440854680983
0.227	3956.3848115294893567
0.228	3952.2812629568422069
0.229	3948.0792728696314376
0.23	3943.7810782231370188
0.231	3939.3888789078279717
0.232	3934.9048382303731184
0.233	3930.3310833933614745
0.234	3925.6697059734640702
0.235	3920.9227623977839478
0.236	3916.0922744181578788
0.237	3911.1802295831877487
0.238	3906.1885817077940634
0.239	3901.1192513400976391
0.24	3895.9741262254487469
0.241	3890.7550617674347534
0.242	3885.4638814857100341
0.243	3880.1023774705022833
0.244	3874.6723108336609742
0.245	3869.175412156122386
0.246	3863.6133819316779921
0.247	3857.9878910069388098
0.248	3852.3005810174001094
0.249	3846.5530648195177593
0.25	3840.7469269187148296
0.251	3834.8837238932470288
0.252	3828.9649848138593777
0.253	3822.9922116591766071
0.254	3816.9668797267734675
0.255	3810.890438039879449
0.256	3804.7643097496766131
0.257	3798.5898925331555764
0.258	3792.3685589864999724
0.259	3786.1016570139738737
0.26	3779.7905102122921091
0.261	3773.436418250457889
0.262	3767.0406572450550821
0.263	3760.6044801309885012
0.264	3754.1291170276670557
0.265	3747.6157756006298667
0.266	3741.0656414186180254
0.267	3734.479878306097258
0.268	3727.8596286912415027
0.269	3721.2060139493874476
0.27	3714.5201347419755022
0.271	3707.8030713509929176
0.272	3701.0558840089386007
0.273	3694.2796132243298037
0.274	3687.4752801027746662
0.275	3680.6438866636347116
0.276	3673.7864161523041986
0.277	3666.9038333481349013
0.278	3659.9970848680352381
0.279	3653.0670994657759412
0.28	3646.1147883270336807
0.281	3639.1410453602073752
0.282	3632.1467474830408216
0.283	3625.1327549050883985
0.284	3618.0999114060598129
0.285	3611.0490446100820036
0.286	3603.9809662559163099
0.287	3596.8964724631695735
0.288	3589.7963439945398044
0.289	3582.6813465141355653
0.29	3575.5522308419105598
0.291	3568.4097332042544195
0.292	3561.254575480781262
0.293	3554.087465447357813
0.294	3546.9090970154137296
0.295	3539.7201504675761809
0.296	3532.521292689671513
0.297	3525.3131773991369627
0.298	3518.09644536988512
0.299	3510.8717246536643489
0.3	3503.6396307979580695
0.301	3496.4007670604661317
0.302	3489.1557246202113987
0.303	3481.9050827853140469
0.304	3474.6494091974772965
0.305	3467.3892600332265514
0.306	3460.1251802019453748
0.307	3452.8577035407502198
0.308	3445.5873530062466213
0.309	3438.3146408632089074
0.31	3431.0400688702253077
0.311	3423.7641284623502021
0.312	3416.4873009308050689
0.313	3409.2100575997689958
0.314	3401.9328600003000977
0.315	3394.6561600414279102
0.316	3387.38040017845765
0.317	3380.1060135785259947
0.318	3372.833424283447676
0.319	3365.5630473698931502
0.32	3358.2952891069353781
0.321	3351.0305471110047557
0.322	3343.7692104982905222
0.323	3336.5116600346260571
0.324	3329.2582682828963361
0.325	3322.0093997480037417
0.326	3314.7654110194297282
0.327	3307.5266509114282979
0.328	3300.293460600887321
0.329	3293.0661737628931212
0.33	3285.8451167040338777
0.331	3278.630608493475956
0.332	3271.4229610918482182
0.333	3264.222479477967447
0.334	3257.0294617734393887
0.335	3249.8441993651675253
0.336	3242.6669770258028966
0.337	3235.4980730321673214
0.338	3228.3377592816814627
0.339	3221.1863014068296515
0.34	3214.0439588876921407
0.341	3206.910985162576055
0.342	3199.7876277367746387
0.343	3192.6741282894850492
0.344	3185.5707227789140992
0.345	3178.4776415456010718
0.346	3171.3951094139860499
0.347	3164.3233457922521225
0.348	3157.2625647704696069
0.349	3150.2129752170693626
0.35	3143.1747808736724943
0.351	3136.1481804483033372
0.352	3129.1333677070115355
0.353	3122.1305315639297465
0.354	3115.1398561697922451
0.355	3108.1615209989395224
0.356	3101.1957009348340883
0.357	3094.2425663541115439
0.358	3087.3022832091912144
0.359	3080.3750131094701422
0.36	3073.4609134011237489
0.361	3066.5601372455361691
0.362	3059.6728336963829969
0.363	3052.7991477753888312
0.364	3045.939220546781451
0.365	3039.0931891904645226
0.366	3032.261187073930098
0.367	3025.4433438229317411
0.368	3018.6397853909391105
0.369	3011.8506341273944006
0.37	3005.0760088447906032
0.371	2998.3160248845913083
0.372	2991.5707941820113767
0.373	2984.840425329677964
0.374	2978.1250236401901261
0.375	2971.4246912075960351
0.376	2964.7395269678056999
0.377	2958.0696267579573296
0.378	2951.4150833747548625
0.379	2944.7759866317937864
0.38	2938.1524234158930507
0.381	2931.544477742448851
0.382	2924.9522308098278912
0.383	2918.3757610528153694
0.384	2911.815144195134481
0.385	2905.2704533010527441
0.386	2898.7417588260908385
0.387	2892.2291286668490082
0.388	2885.7326282099660863
0.389	2879.2523203802259586
0.39	2872.7882656878260224
0.391	2866.3405222748213617
0.392	2859.9091459607596042
0.393	2853.4941902875191069
0.394	2847.0957065633652257
0.395	2840.7137439062369665
0.396	2834.3483492862778099
0.397	2827.9995675676232419
0.398	2821.667441549457913
0.399	2815.3520120063547218
0.4	2809.0533177279081046
0.401	2802.7713955576738334
0.402	2796.5062804314267578
0.403	2790.2580054147484165
0.404	2784.0266017399561501
0.405	2777.8120988423845151
0.406	2771.6145243960304271
0.407	2765.4339043485729218
0.408	2759.2702629557781001
0.409	2753.123622815299877
0.41	2746.9998052977899936
0.411	2740.9044822721975424
0.412	2734.8374523050056016
0.413	2728.7985158710091154
0.414	2722.7874753306699363
0.415	2716.8041349077945115
0.416	2710.8483006675288403
0.417	2704.9197804946654604
0.418	2699.0183840722572852
0.419	2693.1439228605332413
0.42	2687.2962100761107345
0.421	2681.4750606715000691
0.422	2675.6802913148960429
0.423	2669.9117203702520135
0.424	2664.16916787763185
0.425	2658.4524555338352265
0.426	2652.761406673291843
0.427	2647.0958462492202009
0.428	2641.4556008150466807
0.429	2635.8404985060807081
0.43	2630.2503690214419012
0.431	2624.6850436062351574
0.432	2619.1443550339697124
0.433	2613.6281375892182705
0.434	2608.136227050512386
0.435	2602.6684606734703486
0.436	2597.224677174153872
0.437	2591.8047167126499769
0.438	2586.4084208768745105
0.439	2581.0356326665938133
0.44	2575.6861964776611052
0.441	2570.3599580864642247
0.442	2565.0567646345814159
0.443	2559.7764646136419213
0.444	2554.5189078503881815
0.445	2549.2839454919365181
0.446	2544.0714299912332235
0.447	2538.8812150927030307
0.448	2533.7131558180869982
0.449	2528.5671084524668917
0.45	2523.4429305304732018
0.451	2518.3404808226739721
0.452	2513.2596193221416923
0.453	2508.2002072311955133
0.454	2503.1621069483161408
0.455	2498.1451820552307593
0.456	2493.1492973041654312
0.457	2488.1743186052624217
0.458	2483.2201130141599654
0.459	2478.2865487197320335
0.46	2473.3734950319856833
0.461	2468.4808223701136479
0.462	2463.6084022506998196
0.463	2458.7561072760753633
0.464	2453.9238111228232049
0.465	2449.1113885304286922
0.466	2444.3187152900742631
0.467	2439.5456682335759807
0.468	2434.7921252224598523
0.469	2430.0579651371758583
0.47	2425.3430678664476777
0.471	2420.6473142967561069
0.472	2415.9705863019542289
0.473	2411.3127667330123884
0.474	2406.6737394078910983
0.475	2402.0533891015400004
0.476	2397.4516015360210619
0.477	2392.8682633707541976
0.478	2388.3032621928835546
0.479	2383.7564865077627131
0.48	2379.2278257295570934
0.481	2374.7171701719618832
0.482	2370.2244110390338289
0.483	2365.7494404161352642
0.484	2361.2921512609887645
0.485	2356.8524373948408611
0.486	2352.4301934937332581
0.487	2348.025315079880023
0.488	2343.6376985131492573
0.489	2339.2672409826477645
0.49	2334.9138404984072678
0.491	2330.5773958831707356
0.492	2326.2578067642774288
0.493	2321.9549735656452638
0.494	2317.6687974998491428
0.495	2313.3991805602939112
0.496	2309.1460255134806134
0.497	2304.9092358913647586
0.498	2300.6887159838053193
0.499	2296.4843708311031997
0.5	2292.296106216627937
0.501	2288.1238286595314287
0.502	2283.9674454075474738
0.503	2279.8268644298759577
0.504	2275.7019944101505167
0.505	2271.592744739488536
0.506	2267.4990255096223677
0.507	2263.4207475061106462
0.508	2259.3578222016286192
0.509	2255.3101617493364266
0.51	2251.2776789763242578
0.511	2247.2602873771333585
0.512	2243.2579011073518545
0.513	2239.2704349772843938
0.514	2235.2978044456946036
0.515	2231.3399256136193949
0.516	2227.3967152182541434
0.517	2223.4680906269078029
0.518	2219.5539698310270239
0.519	2215.654271440288345
0.52	2211.7689146767575614
0.521	2207.8978193691153824
0.522	2204.0409059469484879
0.523	2200.1980954351051316
0.524	2196.3693094481144301
0.525	2192.5544701846685086
0.526	2188.753500422166668
0.527	2184.9663235113207645
0.528	2181.192863370821003
0.529	2177.4330444820613455
0.53	2173.6867918839237706
0.531	2169.9540311676206022
0.532	2166.2346884715941686
0.533	2162.5286904764730354
0.534	2158.8359644000840861
0.535	2155.1564379925197329
0.536	2151.4900395312595331
0.537	2147.8366978163455295
0.538	2144.1963421656106047
0.539	2140.568902409959184
0.54	2136.9543088886996154
0.541	2133.3524924449275533
0.542	2129.7633844209597142
0.543	2126.1869166538173493
0.544	2122.6230214707588065
0.545	2119.0716316848605606
0.546	2115.5326805906460982
0.547	2112.0061019597620491
0.548	2108.4918300367009701
0.549	2104.9897995345701956
0.55	2101.4999456309061745
0.551	2098.0222039635337217
0.552	2094.5565106264696212
0.553	2091.1028021658700311
0.554	2087.6610155760211389
0.555	2084.231088295372531
0.556	2080.8129582026127434
0.557	2077.4065636127864699
0.558	2074.0118432734529196
0.559	2070.6287363608847995
0.56	2067.2571824763074349
0.561	2063.897121642177528
0.562	2060.5484942985010636
0.563	2057.211241299189886
0.564	2053.8853039084564726
0.565	2050.5706237972464347
0.566	2047.2671430397082855
0.567	2043.9748041097000206
0.568	2040.6935498773320669
0.569	2037.4233236055461529
0.57	2034.1640689467296628
0.571	2030.9157299393650556
0.572	2027.6782510047139153
0.573	2024.4515769435352168
0.574	2021.2356529328373949
0.575	2018.0304245226638186
0.576	2014.8358376329112537
0.577	2011.6518385501809294
0.578	2008.4783739246618251
0.579	2005.3153907670457738
0.58	2002.1628364454740166
0.581	1999.0206586825148372
0.582	1995.8888055521718933
0.583	1992.7672254769228918
0.584	1989.6558672247882483
0.585	1986.5546799064293699
0.586	1983.463612972276217
0.587	1980.3826162096838002
0.588	1977.3116397401172675
0.589	1974.25063401636525
0.59	1971.1995498197811334
0.591	1968.1583382575519306
0.592	1965.1269507599944303
0.593	1962.1053390778783039
0.594	1959.0934552797758604
0.595	1956.0912517494381363
0.596	1953.0986811831970162
0.597	1950.1156965873930813
0.598	1947.1422512758288911
0.599	1944.1782988672474053
0.60	1941.2237932828352489
0.61	1912.1883867989949131
0.62	1884.0491295335312689
0.63	1856.7645673953069374
0.64	1830.2957820684563612
0.65	1804.6061992463155226
0.66	1779.6614140551759088
0.67	1755.4290318932495687
0.68	1731.8785231168553673
0.69	1708.9810901857544075
0.70	1686.7095460365591142
0.71	1665.038202590417622
0.72	1643.9427684214494555
0.73	1623.4002547179900234
0.74	1603.3888887615595792
0.75	1583.8880342302895284
0.76	1564.8781177057561312
0.77	1546.3405608260253425
0.78	1528.2577175842661537
0.79	1510.6128163224598273
0.8	1493.3899060143102449
0.81	1476.5738064711309119
0.82	1460.1500621398405711
0.83	1444.1048991937572725
0.84	1428.4251856450886606
0.85	1413.0983942332649984
0.86	1398.1125678658923135
0.87	1383.456287409414428
0.88	1369.1186416448259467
0.89	1355.0891992202028067
0.9	1341.3579824466143144
0.91	1327.9154427973279901
0.92	1314.752437982272323
0.93	1301.8602104806206478
0.94	1289.2303674242237397
0.95	1276.8548617335572178
0.96	1264.7259744159582032
0.97	1252.8362979432886697
0.98	1241.1787206328560195
0.99	1229.7464119615117345
1	1218.5328087483962176
1.01	1207.5316021468555124
1.02	1196.7367253906710749
1.03	1186.1423422439597029
1.04	1175.7428361079552338
1.05	1165.5327997414108407
1.06	1155.5070255545912495
1.07	1145.6604964397855621
1.08	1135.9883771039882077
1.09	1126.4860058718901937
1.1	1117.1488869296152466
1.11	1107.9726829817437441
1.12	1098.953208296107804
1.13	1090.0864221126282631
1.14	1081.3684223941118524
1.15	1072.7954398984467374
1.16	1064.3638325530376049
1.17	1056.0700801136176179
1.18	1047.9107790907727341
1.19	1039.8826379286223176
1.2	1031.9824724211260371
1.21	1024.2072013524375117
1.22	1016.5538423486061798
1.23	1009.0195079287460143
1.24	1001.6014017445481072
1.25	994.2968149977184586
1.26	987.10312302557677367
1.27	980.01778204566060392
1.28	973.0383260507453196
1.29	966.1623638462174048
1.3	959.3875762222294618
1.31	952.71171325352276431
1.32	946.13259172022978262
1.33	939.64809264336707829
1.34	933.25615892910046571
1.35	926.95479311621130676
1.36	920.74205522151703222
1.37	914.61606067830209739
1.38	908.57497836309913335
1.39	902.61702870642540444
1.4	896.74048188332814461
1.41	890.94365607982509495
1.42	885.22491583154469805
1.43	879.58267043107495261
1.44	874.01537240072179394
1.45	868.52151602755795462
1.46	863.09963595781233776
1.47	857.74830584780876642
1.48	852.46613706881222593
1.49	847.2517774632810627
1.5	842.1039101501555736
1.51	837.02125237693763598
1.52	832.00255441643293211
1.53	827.04659850613742361
1.54	822.15219782835346851
1.55	817.31819552921872067
1.56	812.54346377492314349
1.57	807.82690284347639998
1.58	803.16744025046991962
1.59	798.56402990735538334
1.6	794.01565131083448756
1.61	789.52130876202391748
1.62	785.08003061412474039
1.63	780.69086854738712532
1.64	776.35289687021964843
1.65	772.06521184534763429
1.66	767.82693103997722244
1.67	763.63719269897128671
1.68	759.49515514009015542
1.69	755.39999617039443469
1.7	751.35091252294925687
1.71	747.34711931300911542
1.72	743.38784951290021048
1.73	739.47235344485306043
1.74	735.59989829107211437
1.75	731.76976762036136343
1.76	727.98126093065556839
1.77	724.23369320683580267
1.78	720.52639449323563322
1.79	716.85870948027050956
1.8	713.22999710464788148
1.81	709.63963016263928565
1.82	706.08699493591819516
1.83	702.57149082948889244
1.84	699.09253002125203564
1.85	695.64953712277203674
1.86	692.24194885082985916
1.87	688.86921370936247762
1.88	685.53079168140702028
1.89	682.22615393068361346
1.9	678.95478251246618845
1.91	675.71617009340504873
1.92	672.50981967997884932
1.93	669.33524435526685621
1.94	666.1919670237449728
1.95	663.0795201638210449
1.96	659.99744558783644746
1.97	656.94529420927192373
1.98	653.92262581690611751
1.99	650.92900885568524658
2	647.96402021407192156
2.01	645.02724501765024993
2.02	642.11827642877309473
2.03	639.23671545204570676
2.04	636.38217074544793248
2.05	633.55425843690483214
2.06	630.7526019461228541
2.07	627.97683181151569655
2.08	625.2265855220506821
2.09	622.50150735385287645
2.1	619.80124821141031514
2.11	617.12546547322957864
2.12	614.47382284179658262
2.13	611.84599019770284307
2.14	609.2416434578026433
2.15	606.66046443727148509
2.16	604.10214071544095159
2.17	601.56636550528966697
2.18	599.05283752647440387
2.19	596.56126088178957938
2.2	594.09134493694740312
2.21	591.64280420357479296
2.22	589.21535822532688532
2.23	586.80873146702051409
2.24	584.42265320669445281
2.25	582.05685743050648521
2.26	579.71108273038052834
2.27	577.38507220432004684
2.28	575.0785733593069137
2.29	572.7913380167076608
2.3	570.52312222011174895
2.31	568.27368614552907343
2.32	566.04279401387639749
2.33	563.83021400568479911
2.34	561.63571817796251075
2.35	559.45908238314974245
2.36	557.30008619010420518
2.37	555.15851280705809603
2.38	553.03414900648927822
2.39	550.92678505185128626
2.4	548.83621462610860662
2.41	546.76223476202545247
2.42	544.70464577415793191
2.43	542.66325119250115409
2.44	540.63785769774437678
2.45	538.62827505808882358
2.46	536.63431606758425173
2.47	534.65579648594176265
2.48	532.69253497978170224
2.49	530.74435306527680495
2.5	528.81107505215199968
2.51	526.89252798900350814
2.52	524.98854160990104513
2.53	523.09894828223805432
2.54	521.22358295579601654
2.55	519.36228311298990828
2.56	517.51488872026291963
2.57	515.68124218059951196
2.58	513.8611882871268487
2.59	512.05457417777555009
2.6	510.26124929097160168
2.61	508.48106532233210488
2.62	506.71387618233838155
2.63	504.9595379549607402
2.64	503.21790885720998337
2.65	501.48884919959147972
2.66	499.77222134743834219
2.67	498.06788968310094994
2.68	496.37572056897072462
2.69	494.69558231131672009
2.7	493.02734512491421255
2.71	491.37088109844508866
2.72	489.72606416065041336
2.73	488.0927700472161312
2.74	486.47087626837340206
2.75	484.86026207719560595
2.76	483.26080843857456824
2.77	481.67239799885905097
2.78	480.09491505613904328
2.79	478.52824553115984685
2.8	476.97227693885040823
2.81	475.42689836045078549
2.82	473.89200041622405978
2.83	472.3674752387384179
2.84	470.85321644670552273
2.85	469.34911911936168114
2.86	467.85507977137868552
2.87	466.37099632829157272
2.88	464.89676810243089105
2.89	463.43229576934740542
2.9	461.97748134471750468
2.91	460.53222816171788891
2.92	459.09644084885842564
2.93	457.67002530826236717
2.94	456.25288869438340742
2.95	454.84493939314934157
2.96	453.44608700152236583
2.97	452.05624230746631777
2.98	450.67531727031141846
2.99	449.30322500150732397
3	447.93987974575553976
3.1	434.76942104450361691
3.2	422.38707899965980872
3.3	410.72320886818011357
3.4	399.71619019135865989
3.5	389.31129913992543712
3.6	379.45976628552742921
3.7	370.11798511514630801
3.8	361.24684383536918462
3.9	352.81115858957224622
4	344.77919054339849544
4.1	337.12223268345666177
4.2	329.81425484368258181
4.3	322.83159758944380487
4.4	316.15270727613875379
4.5	309.75790595132944897
4.6	303.62919085947718405
4.7	297.75005919148712141
4.8	292.1053544402757696
4.9	286.68113131168726478
5	281.46453662327339932
5.1	276.44370402212919179
5.2	271.60766068326425058
5.3	266.94624442469145548
5.4	262.45002990474070816
5.5	258.11026275924103677
5.6	253.91880069774742405
5.7	249.8680607142453065
5.8	245.95097168306892735
5.9	242.16093170864253837
6	238.49176968097759761
6.1	234.9377105600004334
6.2	231.49334397269249237
6.3	228.15359575931054465
6.4	224.91370214995345114
6.5	221.76918629156716517
6.6	218.71583687905844271
6.7	215.7496886732969494
6.8	212.86700471407703034
6.9	210.06426005813313437
7	207.33812689151993306
7.1	204.68546088247149595
7.2	202.10328865557597539
7.3	199.58879628102589868
7.4	197.13931868407039303
7.5	194.7523298898104565
7.6	192.42543402731807879
7.7	190.15635702487598408
7.8	187.94293893505717574
7.9	185.78312683450449069
8	183.67496824872688912
8.1	181.61660505708502626
8.2	179.60626783746642692
8.3	177.6422706140134089
8.4	175.72300597471967042
8.5	173.84694052880201323
8.6	172.01261067652379116
8.7	170.21861866663287075
8.8	168.46362891881117785
8.9	166.74636459054333459
9	165.06560436962315118
9.1	163.42017947515050987
9.2	161.80897085134662013
9.3	160.23090653984959446
9.4	158.68495921735973967
9.5	157.17014388659806911
9.6	155.68551570953403793
9.7	154.23016797273976631
9.8	152.80323017554727873
9.9	151.40386623243076916
10	150.03127278171490998
10.1	148.68467759332929324
10.2	147.36333806889404599
10.3	146.06653982793771128
10.4	144.79359537452029407
10.5	143.54384283896611725
10.6	142.31664478980656138
10.7	141.11138711139524258
10.8	139.92747794299073775
10.9	138.76434667540732126
11	137.62144300161477878
11.1	136.49823601792643178
11.2	135.39421337265202558
11.3	134.30888045931091643
11.4	133.2417596517026636
11.5	132.1923895783181686
11.6	131.16032443374624027
11.7	130.14513332488911585
11.8	129.14639964994713198
11.9	128.16372050826841419
12	127.19670613928504998
12.1	126.24497938887355149
12.2	125.30817520158525265
12.3	124.3859401372923101
12.4	123.4779319108878068
12.5	122.58381895376466855
12.6	121.7032799958782145
12.7	120.83600366727164803
12.8	119.9816881180130948
12.9	119.14004065555730226
13	118.31077739860520223
13.1	117.49362294659053284
13.2	116.68831006397493136
13.3	115.89457937858162312
13.4	115.11217909324330612
13.5	114.34086471008229962
13.6	113.58039876678071279
13.7	112.83055058423549268
13.8	112.09109602502791706
13.9	111.36181726216957957
14	110.64250255761732619
