xplot ytrue Bspline_fit Pspline_fit SCP_spline_fit
-0.1 0.0 -0.04167578474409628 -0.049114217521225814 -0.13361778987775988
-0.0997997997997998 0.0 -0.132815287506043 -0.07105612475051157 -0.13361845201028508
-0.0995995995995996 0.0 -0.1985951179507786 -0.09219535366485729 -0.13361917313883226
-0.0993993993993994 0.0 -0.24236790124920718 -0.11231093447376095 -0.13361993851629758
-0.0991991991991992 0.0 -0.26748626257223274 -0.1311818973867204 -0.13362073339557717
-0.098998998998999 0.0 -0.2773028270907594 -0.1485872726132336 -0.1336215430295672
-0.0987987987987988 0.0 -0.2751702199756911 -0.16430609036279833 -0.13362235267116368
-0.09859859859859861 0.0 -0.26444106639793286 -0.1781173808449118 -0.13362314757326288
-0.09839839839839841 0.0 -0.24846799152838706 -0.18980017426907375 -0.13362391298876083
-0.09819819819819821 0.0 -0.2306036205379582 -0.19913350084478104 -0.13362463417055376
-0.09799799799799801 0.0 -0.2142005785975503 -0.2058963907815316 -0.13362529637153767
-0.0977977977977978 0.0 -0.20235262732112566 -0.2098930534405156 -0.13362207753429312
-0.0975975975975976 0.0 -0.19549073473935294 -0.21118670290475758 -0.13357199179789747
-0.0973973973973974 0.0 -0.19247932745766339 -0.20999292767662558 -0.13340901294225702
-0.0971971971971972 0.0 -0.19216275326225157 -0.20652926928594867 -0.13306681943226148
-0.096996996996997 0.0 -0.19338535993931213 -0.20101326926255575 -0.1324790897328006
-0.0967967967967968 0.0 -0.19499149527503973 -0.193662469136276 -0.13157950230876414
-0.0965965965965966 0.0 -0.1958255070556288 -0.18469441043693835 -0.13030173562504188
-0.0963963963963964 0.0 -0.19473174306727395 -0.17432663469437187 -0.12857946814652355
-0.0961961961961962 0.0 -0.1905545510961698 -0.16277668343840562 -0.12634637833809886
-0.09599599599599601 0.0 -0.18213827892851162 -0.15026209819886946 -0.12353614466465776
-0.09579579579579581 0.0 -0.16835650759529353 -0.13700242753242917 -0.12008460106565796
-0.0955955955955956 0.0 -0.14920553755366045 -0.1232943010052559 -0.1160103637097247
-0.0953953953953954 0.0 -0.126132231846836 -0.10953393747170566 -0.11143900407562138
-0.0951951951951952 0.0 -0.10067960747983537 -0.096124157296957 -0.10650318342707008
-0.094994994994995 0.0 -0.0743906814576739 -0.08346778084618864 -0.10133556302779284
-0.0947947947947948 0.0 -0.048808470785366834 -0.07196762848457913 -0.09606880414151177
-0.0945945945945946 0.0 -0.02547599246792956 -0.06202652057730718 -0.09083556803194894
-0.0943943943943944 0.0 -0.005936263510377307 -0.0540472774895514 -0.08576851596282639
-0.0941941941941942 0.0 0.008267699082274649 -0.04843271958649042 -0.08100030919786623
-0.093993993993994 0.0 0.015592878305010938 -0.04558566723330289 -0.07666360900079053
-0.0937937937937938 0.0 0.014496925935207322 -0.045908711210946376 -0.07289103340926165
-0.0935935935935936 0.0 0.004254105807261863 -0.04952411009432532 -0.06976241958331134
-0.09339339339339339 0.0 -0.013456716507938074 -0.05572865422814551 -0.06720218573108036
-0.09319319319319319 0.0 -0.03651628022870147 -0.06366795205878273 -0.06510628557071003
-0.092992992992993 0.0 -0.06280532457333533 -0.0724876120326121 -0.06337067282034177
-0.0927927927927928 0.0 -0.09020458876015224 -0.08133324259601062 -0.06189130119811663
-0.0925925925925926 0.0 -0.11659481200745958 -0.08935045219535351 -0.06056412442217607
-0.0923923923923924 0.0 -0.13985673353356612 -0.0956848492770165 -0.059285096210661414
-0.0921921921921922 0.0 -0.15787109255678083 -0.09948204228737537 -0.05795017028171395
-0.091991991991992 0.0 -0.1685186282954126 -0.09988763967280585 -0.056455300353475006
-0.0917917917917918 0.0 -0.1696800799677704 -0.09604724987968376 -0.05469644014408588
-0.0915915915915916 0.0 -0.15960773125726013 -0.08726524480601798 -0.05258509839951658
-0.0913913913913914 0.0 -0.13926374261869878 -0.07400394494048608 -0.05014623518193579
-0.09119119119119119 0.0 -0.11081087755029492 -0.057238696536152676 -0.04745507483008078
-0.09099099099099099 0.0 -0.07641726971724877 -0.037947140554596456 -0.0445870665093377
-0.09079079079079079 0.0 -0.038251052784760486 -0.017106917957396064 -0.04161765938509267
-0.0905905905905906 0.0 0.0015196395819671027 0.004304330293868355 -0.03862230262273207
-0.0903903903903904 0.0 0.04072667371773944 0.02530896323762108 -0.0356764453876416
-0.0901901901901902 0.0 0.07720191595735372 0.044929339912282075 -0.03285553684520765
-0.08998998998999 0.0 0.10877723263560976 0.062187819356272586 -0.030235026160816324
-0.0897897897897898 0.0 0.13328449008730747 0.076106760608014 -0.02789036249985378
-0.0895895895895896 0.0 0.14863096061928832 0.08574103309039802 -0.025894563630780007
-0.0893893893893894 0.0 0.15441698567954049 0.09087545277064805 -0.024266055848805607
-0.0891891891891892 0.0 0.15191336156458685 0.09201503227808235 -0.02296940315317122
-0.08898898898898899 0.0 0.1424617674280933 0.08969534453950874 -0.021966883989913814
-0.08878878878878879 0.0 0.12740388242372575 0.08445196248173506 -0.021220776805070344
-0.08858858858858859 0.0 0.10808138570515008 0.07682045903156924 -0.02069336004467779
-0.08838838838838839 0.0 0.08583595642603227 0.0673364071158191 -0.02034691215477312
-0.08818818818818819 0.0 0.062009273740038236 0.056535379661292545 -0.020143711581393303
-0.08798798798798799 0.0 0.03794301680083388 0.0449529495947974 -0.020046036770575298
-0.08778778778778779 0.0 0.014978864762085119 0.033124689843141555 -0.020016166168356084
-0.0875875875875876 0.0 -0.005543649805807203 0.02158558537200484 -0.020016433310620002
-0.0873873873873874 0.0 -0.022706157457511904 0.010755262218156671 -0.02001998045082655
-0.0871871871871872 0.0 -0.036513827219187514 0.0008003840801766096 -0.020023651505553568
-0.086986986986987 0.0 -0.04709432637928909 -0.008145938300608621 -0.02002743418304012
-0.0867867867867868 0.0 -0.054575322226271636 -0.01595059418287229 -0.02003131619152529
-0.08658658658658659 0.0 -0.05908448204859014 -0.02248047282528764 -0.020035285239248114
-0.08638638638638639 0.0 -0.060749473134699625 -0.027602463486527937 -0.02003932903444768
-0.08618618618618619 0.0 -0.059697962773055134 -0.031183455425266467 -0.020043435285363047
-0.08598598598598599 0.0 -0.056057618252111654 -0.03309033790017646 -0.020047591700233278
-0.08578578578578579 0.0 -0.04995610686032419 -0.03319000016993119 -0.02005178598729744
-0.08558558558558559 0.0 -0.041521095886147774 -0.03134933149320393 -0.0200560058547946
-0.08538538538538538 0.0 -0.03094744883077733 -0.02750886148458747 -0.02006024170822156
-0.0851851851851852 0.0 -0.018785571126018127 -0.021998758299997832 -0.020064498224537562
-0.084984984984985 0.0 -0.005703020222180222 -0.015277577038420097 -0.020068784783186938
-0.0847847847847848 0.0 0.00763257454773586 -0.007803951575106383 -0.0200731107664994
-0.0845845845845846 0.0 0.020553583850730403 -3.651578530846494e-05 -0.020077485556804664
-0.08438438438438439 0.0 0.0323923783538037 0.007566096455721878 -0.020081918536432417
-0.08418418418418419 0.0 0.04248132872395604 0.01454525127273288 -0.02008641908771238
-0.08398398398398399 0.0 0.050152805628187726 0.020442314790472767 -0.02009099659297426
-0.08378378378378379 0.0 0.05473917973349904 0.024798653133689758 -0.020095660434547767
-0.08358358358358359 0.0 0.05557282170689026 0.02715563242713208 -0.020100419994762607
-0.08338338338338339 0.0 0.05204215561591037 0.027086774605576056 -0.020105283869082766
-0.08318318318318318 0.0 0.0443475349916478 0.024631376192497872 -0.020110249255279065
-0.08298298298298298 0.0 0.033300911126380416 0.020179585242768944 -0.020115304765642987
-0.08278278278278278 0.0 0.019729211343016806 0.014130141018773964 -0.020120438802235678
-0.08258258258258258 0.0 0.004459362964465544 0.006881782782897611 -0.020125639767118297
-0.08238238238238238 0.0 -0.011681706686364791 -0.0011667502024754611 -0.020130896062351997
-0.08218218218218218 0.0 -0.02786707028656557 -0.009616718674960542 -0.02013619608999792
-0.08198198198198199 0.0 -0.04326980051322723 -0.01806938337217239 -0.020141528252117222
-0.08178178178178179 0.0 -0.05706297004344337 -0.026126005031727528 -0.020146880950771055
-0.08158158158158159 0.0 -0.06841965155430432 -0.0333878443912407 -0.020152242588020567
-0.08138138138138139 0.0 -0.07651947547274 -0.03945883246924323 -0.02015760160307052
-0.08118118118118119 0.0 -0.08101335171845808 -0.044134802791476815 -0.020162949104490006
-0.08098098098098098 0.0 -0.08233132181283737 -0.04752884713510054 -0.0201682806139111
-0.08078078078078078 0.0 -0.08097647648150459 -0.049783802525390004 -0.020173592066722354
-0.08058058058058058 0.0 -0.07745190645008657 -0.05104250598762081 -0.02017887939831232
-0.08038038038038038 0.0 -0.07226070244421007 -0.05144779454706862 -0.020184138544069558
-0.08018018018018018 0.0 -0.06590595518950185 -0.05114250522900898 -0.02018936543938262
-0.07997997997997999 0.0 -0.058890755411589245 -0.05026947505871762 -0.02019455601964006
-0.07977977977977979 0.0 -0.05171819383609797 -0.04897154106147002 -0.020199706220230422
-0.07957957957957959 0.0 -0.04489136118865532 -0.04739154026254182 -0.020204811976542274
-0.07937937937937939 0.0 -0.03891334808014372 -0.04567230966336866 -0.020209869223964987
-0.07917917917917919 0.0 -0.034179249140656134 -0.04393424835654161 -0.020214874678117112
-0.07897897897897899 0.0 -0.030665329251683197 -0.04221073679144097 -0.02021982808050004
-0.07877877877877879 0.0 -0.028246334860502847 -0.0405140633234982 -0.020224729906046554
-0.07857857857857858 0.0 -0.02679701241439303 -0.0388565163081448 -0.02022958062968945
-0.07837837837837838 0.0 -0.02619210836063167 -0.037250384100812245 -0.02023438072636151
-0.07817817817817818 0.0 -0.026306369146496714 -0.03570795505693199 -0.020239130670995517
-0.07797797797797798 0.0 -0.027014541219266098 -0.034241517531935564 -0.020243830938524266
-0.07777777777777778 0.0 -0.02819137102621776 -0.032863359881254404 -0.02024848200388054
-0.07757757757757758 0.0 -0.029711605014629633 -0.03158577046032 -0.020253084341997123
-0.07737737737737738 0.0 -0.03144998963177967 -0.030421037624563857 -0.020257638427806812
-0.07717717717717718 0.0 -0.03328622045848303 -0.02938590842385354 -0.020262144468507368
-0.07697697697697697 0.0 -0.03514911033598332 -0.028541379846786757 -0.02026660001418283
-0.07677677677677677 0.0 -0.03699557393202593 -0.027973765931203355 -0.020271001094682838
-0.07657657657657659 0.0 -0.0387828566309557 -0.02776967865886637 -0.020275343721966134
-0.07637637637637638 0.0 -0.04046820381711781 -0.0280157300115388 -0.020279623907991463
-0.07617617617617618 0.0 -0.04200886087485711 -0.0287985319709837 -0.02028383766471757
-0.07597597597597598 0.0 -0.043362073188518514 -0.030204696518964104 -0.0202879810041032
-0.07577577577577578 0.0 -0.044485086142447006 -0.03232083563724305 -0.0202920499381071
-0.07557557557557558 0.0 -0.04533514512098752 -0.035233561307583566 -0.02029604047868801
-0.07537537537537538 0.0 -0.04586949550848501 -0.03902948551174869 -0.020299948637804675
-0.07517517517517518 0.0 -0.04604925009841867 -0.04379148429911099 -0.020303770331337914
-0.07497497497497498 0.0 -0.04597543445522377 -0.049467277433605156 -0.0203074979993197
-0.07477477477477477 0.0 -0.04592501056138354 -0.0558346294093638 -0.020311119710998818
-0.07457457457457459 0.0 -0.0461861312915655 -0.06266049427478174 -0.020314623257609014
-0.07437437437437439 0.0 -0.04704694952043718 -0.06971182607825527 -0.02031799643038406
-0.07417417417417418 0.0 -0.048795618122666126 -0.07675557886817927 -0.020321227020557713
-0.07397397397397398 0.0 -0.05172028997291988 -0.08355870669294908 -0.020324302819363732
-0.07377377377377378 0.0 -0.056109117945865955 -0.08988816360096 -0.020327211618035877
-0.07357357357357358 0.0 -0.06225025491617194 -0.0955109036406074 -0.02032994120780792
-0.07337337337337338 0.0 -0.07043185375850532 -0.10019388086028654 -0.020332479379913605
-0.07317317317317318 0.0 -0.08094171003900046 -0.10370409909582567 -0.0203348132788662
-0.07297297297297298 0.0 -0.09373087737311796 -0.10585548386471721 -0.020336320553731982
-0.07277277277277278 0.0 -0.10778820971054706 -0.10659603375234572 -0.02033463729356602
-0.07257257257257257 0.0 -0.12193181101119889 -0.10589753967721174 -0.020327090533736665
-0.07237237237237237 0.0 -0.13497978523498455 -0.10373179255781582 -0.02031100730961223
-0.07217217217217217 0.0 -0.14575023634181528 -0.1000705833126585 -0.02028371465656105
-0.07197197197197197 0.0 -0.15306126829160205 -0.09488570286024028 -0.020242539609951447
-0.07177177177177177 0.0 -0.1557309850442562 -0.0881489421190618 -0.020184809205151765
-0.07157157157157157 0.0 -0.1525774905596887 -0.07983209200762346 -0.02010785047753031
-0.07137137137137137 0.0 -0.14241888879781087 -0.06990694344442591 -0.020008990462455432
-0.07117117117117118 0.0 -0.12407328371853535 -0.05834528734797054 -0.019885556195295466
-0.07097097097097098 0.0 -0.09671360233904384 -0.045186301016365726 -0.019735600221150666
-0.07077077077077078 0.0 -0.06201693342954634 -0.030944740746984174 -0.01956229536601905
-0.07057057057057058 0.0 -0.022738098363454085 -0.01634004090652927 -0.01937101810494575
-0.07037037037037037 0.0 0.018363884397821995 -0.002092432953548877 -0.019167153494797584
-0.07017017017017017 0.0 0.0585299963928714 0.011077851653409139 -0.018956086592441336
-0.06996996996996997 0.0 0.09500121916028328 0.02245058145579694 -0.018743202454743788
-0.06976976976976977 0.0 0.125018534238647 0.03130552499506667 -0.01853388613857174
-0.06956956956956957 0.0 0.1458229231665519 0.03692245081267043 -0.018333522700791985
-0.06936936936936937 0.0 0.15465536748258724 0.038581127450060426 -0.018147497198271308
-0.06916916916916918 0.0 0.14875684872534323 0.03556132344868916 -0.01798119468787652
-0.06896896896896898 0.0 0.12552284678555864 0.027184521594811398 -0.01783981564072889
-0.06876876876876878 0.0 0.08565698869790703 0.013665397759825698 -0.017724608144003562
-0.06856856856856858 0.0 0.033040242920145846 -0.003923496381659952 -0.017633024180081693
-0.06836836836836838 0.0 -0.02831809823064546 -0.02447496197073211 -0.01756236241737765
-0.06816816816816818 0.0 -0.0944087424373875 -0.04688180014847736 -0.01750992152430577
-0.06796796796796797 0.0 -0.16122239738300045 -0.07003681205598225 -0.017473000169280398
-0.06776776776776777 0.0 -0.22474977075040511 -0.09283279883433335 -0.017448897020715882
-0.06756756756756757 0.0 -0.28098157022252146 -0.11416256162461716 -0.017434910747026564
-0.06736736736736737 0.0 -0.3259085034822705 -0.13291890156792033 -0.017428340016626805
-0.06716716716716717 0.0 -0.3555212782125724 -0.14799461980532935 -0.017426483497930932
-0.06696696696696697 0.0 -0.36582382066565927 -0.158285591738914 -0.017426644448083884
-0.06676676676676677 0.0 -0.35511234342263026 -0.16322081297891927 -0.017426921874824124
-0.06656656656656657 0.0 -0.32656713986708097 -0.16336517657622907 -0.01742711025916003
-0.06636636636636636 0.0 -0.2839950701337283 -0.15942929707933715 -0.0174272215902087
-0.06616616616616616 0.0 -0.2312029943572892 -0.1521237890367375 -0.01742726785708725
-0.06596596596596596 0.0 -0.1719977726724808 -0.14215926699692397 -0.017427261048912793
-0.06576576576576576 0.0 -0.11018626521401992 -0.13024634550839037 -0.01742721315480243
-0.06556556556556557 0.0 -0.04957533211662782 -0.11709563911963167 -0.017427136163873282
-0.06536536536536537 0.0 0.0060281664849872185 -0.10341776237913976 -0.017427042065242454
-0.06516516516516517 0.0 0.052817370456103796 -0.0899233298354095 -0.01742694284802706
-0.06496496496496497 0.0 0.08698541966200493 -0.07732295603693473 -0.017426850501344206
-0.06476476476476477 0.0 0.10554965742568889 -0.06621301073946502 -0.017426775403219533
-0.06456456456456457 0.0 0.10975382428133873 -0.05660403277444704 -0.01742671967023249
-0.06436436436436437 0.0 0.10219268550189375 -0.048319292235460776 -0.017426682778080075
-0.06416416416416418 0.0 0.08546160495707034 -0.04118197624317038 -0.017426664201289216
-0.06396396396396398 0.0 0.06215594651658085 -0.03501527191823847 -0.017426663414386808
-0.06376376376376378 0.0 0.034871074050141226 -0.029642366381329246 -0.017426679891899784
-0.06356356356356357 0.0 0.006202351427466335 -0.024886446753106348 -0.01742671310835505
-0.06336336336336337 0.0 -0.021254857481728784 -0.020570700154233415 -0.017426762538279524
-0.06316316316316317 0.0 -0.04490518880772926 -0.01651831370537408 -0.017426827656200117
-0.06296296296296297 0.0 -0.062153278680820115 -0.012552474527191996 -0.017426907936643747
-0.06276276276276277 0.0 -0.0705724695868577 -0.008508753462365595 -0.017427003129366393
-0.06256256256256257 0.0 -0.07008385055460364 -0.004395055350416942 -0.01742711681425889
-0.06236236236236237 0.0 -0.06232954350564679 -0.00034561573637656093 -0.01742725537892061
-0.062162162162162166 0.0 -0.048991232783005725 0.00350242579458049 -0.017427425275493444
-0.061961961961961964 0.0 -0.03175060272969876 0.007011929657279165 -0.017427632956119262
-0.06176176176176176 0.0 -0.012289337688744392 0.010045756266544404 -0.01742788487293994
-0.06156156156156156 0.0 0.007710877996839019 0.012466766037201161 -0.017428187478097358
-0.06136136136136137 0.0 0.02656835998403241 0.014137819384074345 -0.01742854722373339
-0.061161161161161166 0.0 0.04260142392981876 0.014921776721989025 -0.017428970561989908
-0.060960960960960965 0.0 0.05412838549117886 0.01468149846577007 -0.017429463945008793
-0.060760760760760764 0.0 0.059483735006576846 0.013282180748190518 -0.017430033764347902
-0.06056056056056056 0.0 0.05807588869397254 0.010744100836348683 -0.017430682389059288
-0.06036036036036036 0.0 0.05104022153055157 0.007336918872294582 -0.017431405719683796
-0.06016016016016017 0.0 0.039668201146565246 0.003352835683761983 -0.017432199072100318
-0.059959959959959966 0.0 0.02525129517226367 -0.0009159479015157616 -0.01743305776218772
-0.059759759759759765 0.0 0.00908097123789807 -0.005177231055804896 -0.017433977105824908
-0.05955955955955956 0.0 -0.007551303026280598 -0.009138812951371797 -0.017434952418890756
-0.05935935935935936 0.0 -0.023354059990021436 -0.012508492760482826 -0.017435979017264153
-0.05915915915915916 0.0 -0.03703583202307349 -0.014994069655404351 -0.01743705221682399
-0.05895895895895896 0.0 -0.04730515149518587 -0.016303342808402736 -0.01743816733344914
-0.058758758758758765 0.0 -0.05287055400522568 -0.01614411222468444 -0.01743931968303468
-0.058558558558558564 0.0 -0.052832213493524335 -0.014325199687645063 -0.017440506542325734
-0.05835835835835836 0.0 -0.047762938366324253 -0.011035288032621875 -0.017441732561235886
-0.05815815815815816 0.0 -0.03858160767126126 -0.006552327839887299 -0.017443004122380975
-0.05795795795795796 0.0 -0.026207100455971126 -0.0011542696897137578 -0.01744432760837685
-0.05775775775775776 0.0 -0.01155829576808963 0.004880935837626332 -0.01744570940183937
-0.05755755755755756 0.0 0.0044459273447474 0.011275338161860542 -0.017447155885384383
-0.057357357357357364 0.0 0.020886689834903625 0.017750986702716236 -0.017448673441627736
-0.05715715715715716 0.0 0.03684511265474441 0.024029930879921425 -0.017450268453185286
-0.05695695695695696 0.0 0.05140231675663336 0.02983422011320349 -0.017451947302672882
-0.05675675675675676 0.0 0.06363942309293469 0.03488590382228999 -0.017453716372706374
-0.05655655655655656 0.0 0.07271433689272677 0.038927222444079444 -0.017455581604268623
-0.05635635635635636 0.0 0.07852044997437688 0.04189381828091493 -0.01745754470811254
-0.05615615615615616 0.0 0.0813603476406009 0.04382893421461067 -0.017459605041470868
-0.05595595595595596 0.0 0.08154102144752187 0.04477697178526379 -0.01746176193623332
-0.05575575575575576 0.0 0.07936946295126235 0.044782332532971196 -0.017464014724289587
-0.05555555555555556 0.0 0.07515266370794524 0.0438894179978299 -0.017466362737529377
-0.05535535535535536 0.0 0.06919761527369332 0.0421426297199369 -0.0174688053078424
-0.05515515515515516 0.0 0.06181130920462942 0.03958636923938917 -0.017471341767118356
-0.054954954954954956 0.0 0.05330073705687629 0.03626503809628373 -0.017473971447246942
-0.05475475475475476 0.0 0.04397289038655715 0.03222303783071773 -0.017476693680117877
-0.05455455455455456 0.0 0.034134519395503646 0.027506910833264522 -0.01747950772449085
-0.05435435435435436 0.0 0.024084136463453473 0.02223627027076473 -0.01748241034307758
-0.05415415415415416 0.0 0.014110171610990018 0.016620161419842523 -0.017485395243649726
-0.053953953953953956 0.0 0.004500439869432583 0.01087308460851874 -0.017488455947638128
-0.053753753753753755 0.0 -0.004457243729899536 0.005209540164814223 -0.017491585976473614
-0.053553553553553554 0.0 -0.012475064155687058 -0.00015597158325019941 -0.017494778851587012
-0.05335335335335336 0.0 -0.01926520637661049 -0.005008950307653529 -0.017498028094409143
-0.05315315315315316 0.0 -0.024539855361351004 -0.009134895680375277 -0.01750132722637085
-0.05295295295295296 0.0 -0.028011196078589057 -0.01231930737339443 -0.017504669768902956
-0.052752752752752756 0.0 -0.029391413497005327 -0.014347685058690135 -0.017508049243436283
-0.052552552552552555 0.0 -0.028392941604055793 -0.015005684088415532 -0.017511459174420145
-0.05235235235235235 0.0 -0.02491384246455676 -0.01419500974449109 -0.017514895336385505
-0.05215215215215215 0.0 -0.01936694203126379 -0.012139184535474475 -0.017518359743548716
-0.05195195195195196 0.0 -0.012253566636175328 -0.009117059145173328 -0.01752185548287912
-0.05175175175175176 0.0 -0.004075042611289131 -0.005407484257394998 -0.017525385641346092
-0.051551551551551555 0.0 0.004667303711396377 -0.0012893105559471062 -0.017528953305918984
-0.051351351351351354 0.0 0.013472145999882987 0.002958611275362788 -0.017532561563567167
-0.05115115115115115 0.0 0.021838157922172467 0.007057430552727152 -0.017536213501259994
-0.05095095095095095 0.0 0.029264013146266605 0.010728296592338427 -0.017539912205966825
-0.05075075075075076 0.0 0.035248385340167 0.013692358710388996 -0.01754366076465703
-0.050550550550550556 0.0 0.03928994817187586 0.015670766223071515 -0.017547462264299967
-0.050350350350350355 0.0 0.040963890012595025 0.01642796424233854 -0.017551319376180093
-0.050150150150150154 0.0 0.040368035454263484 0.016024131250638746 -0.017555231932232344
-0.04994994994994995 0.0 0.03781867829290397 0.014643066389513574 -0.017559198577504105
-0.04974974974974975 0.0 0.03363284653691589 0.012468984254107168 -0.01756321795305395
-0.04954954954954955 0.0 0.028127568194698582 0.009686099439563662 -0.017567288699940474
-0.049349349349349356 0.0 0.02161987127465168 0.0064786265410273075 -0.01757140945922226
-0.049149149149149154 0.0 0.014426783785174084 0.003030780153642011 -0.017575578871957903
-0.04894894894894895 0.0 0.006865333734665359 -0.0004732251274479869 -0.01757979557920597
-0.04874874874874875 0.0 -0.0007474508684750976 -0.003849174707098545 -0.01758405822202506
-0.04854854854854855 0.0 -0.008094542015847929 -0.006912853990165527 -0.017588365441473762
-0.04834834834834835 0.0 -0.014861504301444527 -0.00948308547481794 -0.017592715934417014
-0.04814814814814815 0.0 -0.0207868912337055 -0.011440765303188688 -0.01759710953831829
-0.047947947947947954 0.0 -0.02565879904501651 -0.012724826235807916 -0.01760154715705955
-0.04774774774774775 0.0 -0.029267226354826786 -0.013276429576637364 -0.017606029735472064
-0.04754754754754755 0.0 -0.031402171782585045 -0.013036736629638621 -0.017610558218387105
-0.04734734734734735 0.0 -0.03185363394774018 -0.011946908698773333 -0.01761513355063595
-0.04714714714714715 0.0 -0.030411611469741088 -0.009948107088003153 -0.017619756677049875
-0.04694694694694695 0.0 -0.026866102968036674 -0.006981493101289722 -0.017624428542460147
-0.046746746746746747 0.0 -0.021007107062075835 -0.0029882280425946916 -0.017629150091698038
-0.04654654654654655 0.0 -0.012624622371307806 0.0020905267841201027 -0.01763392226959483
-0.04634634634634635 0.0 -0.0015104359578488116 0.00831281328318441 -0.01763874602192627
-0.04614614614614615 0.0 0.012267778855129516 0.015613759782012482 -0.01764362244016443
-0.04594594594594595 0.0 0.028071124053005825 0.02367400107224094 -0.0176485529174467
-0.04574574574574575 0.0 0.04518984331438509 0.03214260296520852 -0.017653538884330987
-0.045545545545545546 0.0 0.06291418031787213 0.04066863127225388 -0.017658581771375165
-0.04534534534534535 0.0 0.08053437874207137 0.04890115180471549 -0.017663683009137104
-0.04514514514514515 0.0 0.09734068226558884 0.056489230373932595 -0.017668844028174695
-0.04494494494494495 0.0 0.11262333456702889 0.06308193279124362 -0.017674066259045825
-0.04474474474474475 0.0 0.1256725793249965 0.06832832486798729 -0.01767935113230838
-0.04454454454454455 0.0 0.13577866021809645 0.07187747241550227 -0.017684700078520223
-0.044344344344344346 0.0 0.14223182092493378 0.07337844124512724 -0.017690114528239247
-0.044144144144144144 0.0 0.14444603249354826 0.07255873121819079 -0.017695594641514115
-0.04394394394394395 0.0 0.14245020338778067 0.06953566727863482 -0.0177011342638354
-0.04374374374374375 0.0 0.13646392342914118 0.06454745232333808 -0.01770672528265947
-0.04354354354354355 0.0 0.12670684065380086 0.05783232615299185 -0.01771235958484489
-0.043343343343343346 0.0 0.11339860309793075 0.0496285285682873 -0.017718029057250246
-0.043143143143143145 0.0 0.09675885879770192 0.04017429936991562 -0.0177237255867341
-0.042942942942942944 0.0 0.07700725578928552 0.029707878358568057 -0.017729441060155036
-0.04274274274274274 0.0 0.05436344210885255 0.01846750533493576 -0.017735167364371623
-0.04254254254254255 0.0 0.02904706579257504 0.0066914200997103485 -0.01774089638624243
-0.04234234234234235 0.0 0.0012777748766223222 -0.005382137546417768 -0.017746620012626037
-0.042142142142142146 0.0 -0.028670433691619618 -0.017519029989113036 -0.017752329820214092
-0.041941941941941945 0.0 -0.059796522455544496 -0.029539995702458063 -0.017758013236508944
-0.04174174174174174 0.0 -0.09058081826557796 -0.041304919119781125 -0.017763654729181073
-0.04154154154154154 0.0 -0.1194924765401686 -0.05267452787981815 -0.017769238702146067
-0.04134134134134134 0.0 -0.1450006526977649 -0.06350954962130503 -0.017774749559319528
-0.041141141141141147 0.0 -0.1655745021568149 -0.07367071198297737 -0.017780171704617043
-0.040940940940940945 0.0 -0.17968318033576863 -0.08301874260357178 -0.01778548954195421
-0.040740740740740744 0.0 -0.1857958426530738 -0.09141436912182381 -0.01779068747524662
-0.04054054054054054 0.0 -0.18238164452717898 -0.09871831917646938 -0.017795749908409868
-0.04034034034034034 0.0 -0.16790974137653258 -0.10479132040624434 -0.017800661245359548
-0.04014014014014014 0.0 -0.14087750749340103 -0.10949665710856503 -0.017805406053481063
-0.039939939939939946 0.0 -0.10151810946093806 -0.11285487812855532 -0.017809978955473725
-0.039739739739739745 0.0 -0.05278001230209978 -0.11513254111277846 -0.017814390303556076
-0.039539539539539544 0.0 0.002151819685795281 -0.11661763078269008 -0.01781865181996911
-0.03933933933933934 0.0 0.06009242220542976 -0.11759813185974596 -0.017822775226953837
-0.03913913913913914 0.0 0.11785683095948643 -0.11836202906540196 -0.017826772246751256
-0.03893893893893894 0.0 0.17226008165064782 -0.11919730712111382 -0.017830654601602366
-0.03873873873873874 0.0 0.2201172099815966 -0.12039195074833738 -0.017834434013748172
-0.038538538538538544 0.0 0.2582432516550144 -0.12223394466852831 -0.017838122205429678
-0.03833833833833834 0.0 0.2834532423735865 -0.12501127360314257 -0.01784173089888788
-0.03813813813813814 0.0 0.29256224870291475 -0.12901191900911896 -0.017845271816240807
-0.03793793793793794 0.0 0.28352828489198334 -0.1344029673663733 -0.017848752124875245
-0.03773773773773774 0.0 0.25847647102014076 -0.14091073068111698 -0.01785216238595253
-0.03753753753753754 0.0 0.2204813437623812 -0.14816109668014352 -0.01785548937713853
-0.03733733733733734 0.0 0.17261743979369876 -0.15577995309024634 -0.017858719876099084
-0.037137137137137136 0.0 0.11795929578908754 -0.163393187638219 -0.01786184066050004
-0.036936936936936934 0.0 0.05958144842354163 -0.17062668805085499 -0.017864838508007262
-0.03673673673673673 0.0 0.0005584343720552165 -0.17710634205494777 -0.01786770019628659
-0.036536536536536546 0.0 -0.05603520969037393 -0.18245803737729058 -0.017870412503003884
-0.036336336336336345 0.0 -0.10712494708875969 -0.1863076617446776 -0.01787296220582499
-0.03613613613613614 0.0 -0.14963624114810378 -0.18828110288390199 -0.017875336082415767
-0.03593593593593594 0.0 -0.18078637472685344 -0.18803972790097317 -0.01787736892149188
-0.03573573573573574 0.0 -0.20049139980163233 -0.1855730198845105 -0.017877489906461444
-0.03553553553553554 0.0 -0.21012728788005647 -0.18104795874130028 -0.017873367847928708
-0.03533533533533534 0.0 -0.2110843409041787 -0.17463326667040013 -0.01786266409274915
-0.03513513513513514 0.0 -0.204752860816052 -0.1664976658708675 -0.017843039987778232
-0.034934934934934936 0.0 -0.1925231495577293 -0.15680987854175996 -0.017812156879871446
-0.034734734734734735 0.0 -0.17578550907126347 -0.14573862688213507 -0.017767676115884257
-0.03453453453453453 0.0 -0.15593024129870747 -0.13345263309105032 -0.01770725904267214
-0.03433433433433433 0.0 -0.1343476481821141 -0.12012061936756331 -0.01762856700709057
-0.03413413413413413 0.0 -0.11242803166353633 -0.10591130791073151 -0.017529261355995016
-0.03393393393393393 0.0 -0.09154142160035783 -0.0909949975106718 -0.017407098831501024
-0.03373373373373374 0.0 -0.07240409254652086 -0.07559283050828675 -0.01726291258144221
-0.03353353353353354 0.0 -0.054953507416146644 -0.05998651861798916 -0.017101200642593642
-0.03333333333333334 0.0 -0.0390816053126644 -0.044461314010645445 -0.016926675275172737
-0.03313313313313314 0.0 -0.02468032533950193 -0.029302468857120907 -0.016744048739396878
-0.03293293293293294 0.0 -0.011641606600087132 -0.014795235328280969 -0.01655803329548349
-0.032732732732732736 0.0 0.00014261180215219618 -0.001224865594990944 -0.016373341203649965
-0.032532532532532535 0.0 0.01078039076378819 0.011123388171883797 -0.0161946847241137
-0.032332332332332334 0.0 0.02037979118139302 0.021964273801477936 -0.016026776117092103
-0.03213213213213213 0.0 0.029048873951538857 0.031012539122926085 -0.015874327642802576
-0.03193193193193193 0.0 0.03689557562019634 0.037983142876072996 -0.01574204873050484
-0.03173173173173173 0.0 0.04395299529250839 0.042717975376460854 -0.01563294506516367
-0.03153153153153153 0.0 0.05005279626824166 0.04540058165010099 -0.015545436457341818
-0.03133133133133133 0.0 0.05499309469244909 0.046271405959013995 -0.015477178985266661
-0.03113113113113114 0.0 0.05857200671018342 0.04557089256522053 -0.015425828727165605
-0.03093093093093094 0.0 0.06058764846649807 0.04353948573074105 -0.015389041761266022
-0.030730730730730738 0.0 0.06083813610644565 0.04041762971759608 -0.015364474165795311
-0.030530530530530536 0.0 0.05912158577507912 0.03644576878780624 -0.015349782018980865
-0.030330330330330335 0.0 0.0552361136174514 0.03186434720339205 -0.015342621399050066
-0.030130130130130134 0.0 0.048979835778615394 0.026913809226374076 -0.015340648384230311
-0.029929929929929933 0.0 0.040150868403624036 0.021834599118772884 -0.015341519052748987
-0.02972972972972973 0.0 0.028662861017051715 0.01685800110643556 -0.015343116529231246
-0.02952952952952953 0.0 0.015193391611991125 0.01215473153054616 -0.015344825211853198
-0.02932932932932933 0.0 0.0007301570241182026 0.007870919034534997 -0.015346638944878107
-0.029129129129129128 0.0 -0.013738255455087889 0.004152621662258469 -0.01534855332249455
-0.028928928928928926 0.0 -0.027223258534147983 0.001145897457572969 -0.015350563938891084
-0.028728728728728725 0.0 -0.03873626492158293 -0.0010031955356651166 -0.015352666388256279
-0.028528528528528524 0.0 -0.04728868732591353 -0.0021485992735993803 -0.015354856264778699
-0.028328328328328337 0.0 -0.051891938455660515 -0.0021442557123734895 -0.015357129162646912
-0.028128128128128135 0.0 -0.051557431019345366 -0.0008441068081310524 -0.015359480676049479
-0.027927927927927934 0.0 -0.04529657772548849 0.0018979054829843661 -0.015361906399174964
-0.027727727727727733 0.0 -0.032192357856368245 0.006211669023224686 -0.015364402070001029
-0.02752752752752753 0.0 -0.012725162256074021 0.011911332111743275 -0.015366966234136439
-0.02732732732732733 0.0 0.011352786644862167 0.018523677778639946 -0.015369599992510122
-0.02712712712712713 0.0 0.038242885669196536 0.025565009509474337 -0.015372304539237587
-0.026926926926926928 0.0 0.06614653163968529 0.032551630789806094 -0.015375081068434361
-0.026726726726726727 0.0 0.09326512137908462 0.038999845105194844 -0.015377930774215965
-0.026526526526526525 0.0 0.1178000517101507 0.04442595594120023 -0.015380854850697916
-0.026326326326326324 0.0 0.13795271945563975 0.04834626678338189 -0.015383854491995736
-0.026126126126126123 0.0 0.15192452143830792 0.05027708111729945 -0.01538693089222494
-0.02592592592592592 0.0 0.15791685448091147 0.049734702428512544 -0.015390085245501053
-0.025725725725725734 0.0 0.1541397197892483 0.04623777070063121 -0.015393318703373685
-0.025525525525525533 0.0 0.13999072568517254 0.039627417570370985 -0.015396626542295962
-0.025325325325325332 0.0 0.11725729890726655 0.030393723709372197 -0.01539999221628111
-0.02512512512512513 0.0 0.0880134366316421 0.019104587253384764 -0.015403397761677439
-0.02492492492492493 0.0 0.05433313603441112 0.006327906338158641 -0.015406825214833228
-0.024724724724724728 0.0 0.018290394291685358 -0.007368420900556248 -0.01541025661209678
-0.024524524524524527 0.0 -0.018040791420423363 -0.021416496327009982 -0.015413673989816388
-0.024324324324324326 0.0 -0.05258642392580315 -0.035248421805452616 -0.015417059384340341
-0.024124124124124124 0.0 -0.0832725060483421 -0.048296299200134195 -0.015420394832016937
-0.023923923923923923 0.0 -0.10802504061192857 -0.05999223037530485 -0.015423662369194468
-0.023723723723723722 0.0 -0.1247700304404505 -0.06976831719521456 -0.015426844032221228
-0.02352352352352352 0.0 -0.13196151788725943 -0.07717658878585762 -0.01542992409488651
-0.02332332332332332 0.0 -0.13059741757691778 -0.08234683335884713 -0.015432897610028891
-0.023123123123123118 0.0 -0.12244073040291059 -0.08558260395988584 -0.01543576287235671
-0.02292292292292293 0.0 -0.10925460861345823 -0.08718748801005527 -0.01543851817721964
-0.02272272272272273 0.0 -0.0928022044567779 -0.08746507293043707 -0.015441161819967355
-0.02252252252252253 0.0 -0.07484667018108962 -0.08671894614211262 -0.015443692095949518
-0.022322322322322327 0.0 -0.05715115803461261 -0.08525269506616343 -0.015446107300515802
-0.022122122122122126 0.0 -0.04147882026556611 -0.083369907123671 -0.015448405729015879
-0.021921921921921925 0.0 -0.029592809122169342 -0.0813741697357169 -0.015450585676799421
-0.021721721721721723 0.0 -0.023256276852641505 -0.07956907032338259 -0.015452645439216095
-0.021521521521521522 0.0 -0.024077086587757257 -0.07823474412451975 -0.015453212470722797
-0.02132132132132132 0.0 -0.03166512629300984 -0.0773495867545522 -0.015433276762801578
-0.02112112112112112 0.0 -0.04424342247729071 -0.0766825462544061 -0.01536158555336223
-0.02092092092092092 0.0 -0.0600070652722698 -0.07599835163763367 -0.015206639467229725
-0.020720720720720717 0.0 -0.07715114480961703 -0.07506173191778712 -0.014936939129229039
-0.020520520520520516 0.0 -0.09387075122100252 -0.07363741610841862 -0.014520985164185145
-0.02032032032032033 0.0 -0.10836097463809514 -0.07149013322308059 -0.013927278196923066
-0.020120120120120127 0.0 -0.11881690519256717 -0.06838461227532494 -0.013124318852267693
-0.019919919919919926 0.0 -0.12343363301608735 -0.06408558227870399 -0.012080607755044038
-0.019719719719719725 0.0 -0.12040624824032568 -0.05835777224676998 -0.01076464553007708
-0.019519519519519524 0.0 -0.1079565520270403 -0.050970101456422987 -0.00914555305948589
-0.019319319319319322 0.0 -0.08583247392796785 -0.04193089889042678 -0.007227889479268277
-0.01911911911911912 0.0 -0.05610445481386836 -0.03161283492995146 -0.005070145001142965
-0.01891891891891892 0.0 -0.02103778031915618 -0.02041914601329697 -0.0027353343304732866
-0.01871871871871872 0.0 0.01710226392175429 -0.008753068578763228 -0.0002864721726225771
-0.018518518518518517 0.0 0.056050392274448746 0.0029821609353497883 0.002213426767045834
-0.018318318318318316 0.0 0.09354131910451291 0.01438330609074219 0.004701347783168612
-0.018118118118118115 0.0 0.12730975877753237 0.02504713044911402 0.007114276170382423
-0.017917917917917914 0.0 0.1550904256590928 0.034570397572165346 0.009389197223323932
-0.017717717717717726 0.0 0.17461803411477883 0.042549871021595714 0.01146309623662967
-0.017517517517517525 0.0 0.18362735210087877 0.04858232398837515 0.013272959609529511
-0.017317317317317324 0.0 0.18071566057801958 0.052419507478491195 0.014773551560111842
-0.017117117117117123 0.0 0.16752952787413294 0.05436107367875012 0.015982487159950133
-0.01691691691691692 0.0 0.14638905441782019 0.05482769617828087 0.01693126409064355
-0.01671671671671672 0.0 0.11961434063768282 0.054240048566212395 0.017651380033791284
-0.01651651651651652 0.0 0.08952548696232247 0.053018804431673706 0.01817433267099251
-0.016316316316316318 0.0 0.05844259382034056 0.05158463736379376 0.01853161968384641
-0.016116116116116116 0.0 0.028685761640338675 0.050358220951701504 0.01875473875395215
-0.015915915915915915 0.0 0.002575090850918199 0.04976022878452592 0.01887518756290893
-0.015715715715715714 0.0 -0.017569318119319277 0.050211334451396 0.018924463792315924
-0.015515515515515513 0.0 -0.029427364841772274 0.05213221154144068 0.018934065123772298
-0.015315315315315312 0.0 -0.03097481817455397 0.05588111297139402 0.018933341581654373
-0.01511511511511511 0.0 -0.022830124385508507 0.061258755920942196 0.01893246051244124
-0.014914914914914923 0.0 -0.007001588019344668 0.06777263386568601 0.018931500553505985
-0.014714714714714722 0.0 0.014490100626047275 0.07492762721161662 0.01893045043646436
-0.01451451451451452 0.0 0.0396242512527738 0.08222861636472387 0.01892929889293212
-0.01431431431431432 0.0 0.06638017356294237 0.08918048173099802 0.01892803465452503
-0.014114114114114118 0.0 0.09273717725866026 0.09528810371642929 0.018926646452858846
-0.013913913913913917 0.0 0.11667457204203481 0.10005636272700794 0.018925123019549323
-0.013713713713713716 0.0 0.13617166761517346 0.10299013916872425 0.018923453086212225
-0.013513513513513514 0.0 0.14920777368018354 0.10359431344756845 0.018921625384463306
-0.013313313313313313 0.0 0.15381169349068288 0.10138856696536294 0.018919629018191907
-0.013113113113113112 0.0 0.14952241141824235 0.09634419923882562 0.01891746445035383
-0.01291291291291291 0.0 0.13763007918179182 0.08895619458438425 0.01891514531558744
-0.01271271271271271 0.0 0.11952287071962611 0.07974885076266283 0.018912685985820736
-0.012512512512512508 0.0 0.09658895997004005 0.06924646553428546 0.018910100832981717
-0.01231231231231232 0.0 0.07021652087133047 0.05797333665987696 0.01890740422899839
-0.01211211211211212 0.0 0.04179372736178841 0.046453761900059815 0.01890461054579875
-0.011911911911911918 0.0 0.012708753379710405 0.03521203901545884 0.018901734155310802
-0.011711711711711717 0.0 -0.01565022713660867 0.024772465766698098 0.01889878942946255
-0.011511511511511516 0.0 -0.04189504024887394 0.01565933991440163 0.018895790740181998
-0.011311311311311315 0.0 -0.06463824082756092 0.008396588596403031 0.018892752451956176
-0.011111111111111113 0.0 -0.08285271248304177 0.0033249001525018466 0.01888968525039784
-0.010910910910910912 0.0 -0.09645285457897931 0.0003061717635894322 0.018886590208458634
-0.01071071071071071 0.0 -0.10550493360015356 -0.0008749287238067789 0.0188834668485615
-0.01051051051051051 0.0 -0.11007521603134457 -0.00043373346315935327 0.018880314693129396
-0.010310310310310308 0.0 -0.11022996835733241 0.0014144253920591356 0.01887713326458527
-0.010110110110110107 0.0 -0.10603545706289713 0.004454215688376124 0.018873922085352084
-0.009909909909909906 0.0 -0.09755794863281873 0.00847030527231904 0.01887068067785279
-0.009709709709709705 0.0 -0.0848637095518773 0.01324736199041531 0.018867408564510326
-0.009509509509509517 0.0 -0.06801900630485422 0.01857005368919199 0.018864105267747663
-0.009309309309309316 0.0 -0.047090105376527115 0.02422304821517726 0.018860770309987743
-0.009109109109109115 0.0 -0.022274025047820764 0.03000212351419587 0.018857403004673756
-0.008908908908908914 0.0 0.005395141251986396 0.035774184570416846 0.018854001327356908
-0.008708708708708712 0.0 0.03455333587696831 0.041434173728257834 0.018850562726208678
-0.008508508508508511 0.0 0.0638357008313201 0.046877101338595205 0.01884708464812134
-0.00830830830830831 0.0 0.09187737811923696 0.05199797775230532 0.018843564539987197
-0.008108108108108109 0.0 0.11731350974491407 0.05669181332026457 0.01883999984869851
-0.007907907907907907 0.0 0.13877923771254647 0.0608536183933493 0.018836388021147572
-0.007707707707707706 0.0 0.1549097040263295 0.06437840332243591 0.01883272650422667
-0.007507507507507505 0.0 0.1643400506904581 0.06716117845840072 0.018829012744828073
-0.007307307307307304 0.0 0.1657054197091276 0.06909695415212017 0.018825244189844076
-0.007107107107107102 0.0 0.1577348013778069 0.07008049531508337 0.018821418672865443
-0.006906906906906915 0.0 0.1409093073727668 0.07000198457398625 0.018817541247035593
-0.006706706706706714 0.0 0.11726233756480733 0.06874754489010045 0.018813623361645233
-0.0065065065065065125 0.0 0.08888098966149556 0.06620315878991749 0.01880967668724504
-0.006306306306306311 0.0 0.05785236137039769 0.062254808799928875 0.018805712894385693
-0.00610610610610611 0.0 0.026263550399079988 0.05678847744662614 0.01880174365361787
-0.005905905905905909 0.0 -0.0037983455448912795 0.04969014725650083 0.018797780635492256
-0.0057057057057057076 0.0 -0.030246228753950027 0.040845800756044465 0.01879383551055953
-0.005505505505505506 0.0 -0.050993001520529935 0.0301414204717486 0.018789919949370387
-0.005305305305305305 0.0 -0.06395156613706475 0.017462988930104742 0.01878604562247549
-0.005105105105105104 0.0 -0.06704647485013177 0.0026992570046345185 0.01878268442496106
-0.004904904904904903 0.0 -0.05964863469130488 -0.013917331063406771 0.01883744564069098
-0.004704704704704701 0.0 -0.043957953260898214 -0.031482083294603905 0.019119696544739242
-0.0045045045045045 0.0 -0.02250217599277443 -0.049012404493642206 0.019811755451541554
-0.004304304304304299 0.0 0.002190951679204023 -0.06552569946520706 0.02109594067553361
-0.0041041041041041115 0.0 0.027593684321172846 -0.08003937301398287 0.023154570531150942
-0.0039039039039039103 0.0 0.05117827649927312 -0.09157082994465707 0.026169963332829522
-0.003703703703703709 0.0 0.07041698277964056 -0.09913747506191393 0.030324437395004948
-0.003503503503503508 0.0 0.08278205772841271 -0.10175671317043883 0.03580031103211291
-0.0033033033033033066 0.0 0.08574575591172695 -0.09844594907491712 0.04277990255858912
-0.0031031031031031053 0.0 0.0767803318957207 -0.08822258758003405 0.051445530288869265
-0.002902902902902904 0.0 0.054772843892402584 -0.06998213871409079 0.062377465646593626
-0.002702702702702703 0.0 0.025217563156582107 -0.042050857005711276 0.07801444358229023
-0.0025025025025025016 0.0 -0.0044640313105623886 -0.0025889551741308664 0.10133728014515334
-0.0023023023023023004 0.0 -0.02685023339448253 0.05024337362874744 0.13532685526636662
-0.002102102102102099 0.0 -0.03451933698062987 0.11828593625102064 0.18296404887711382
-0.001901901901901898 0.0 -0.02004963595445608 0.20337853954078583 0.24722974090857863
-0.0017017017017016967 0.0 0.02398057579858709 0.30736099034614006 0.3311048112919448
-0.0015015015015015093 0.0 0.10499300439304099 0.4320730955151709 0.4375701399583878
-0.001301301301301308 0.0 0.23040935594346457 0.5793546618959928 0.5696066068391059
-0.0011011011011011068 0.0 0.4076513365644023 0.7510454963366947 0.7301950918652763
-0.0009009009009009056 0.0 0.6432184971393746 0.9486590581025791 0.9218882728062898
-0.0007007007007007043 0.0 0.9321932580521223 1.169668323017888 1.1419372905568508
-0.0005005005005005031 0.0 1.2619470440788578 1.408817371930415 1.3840126903834853
-0.00030030030030030186 0.0 1.6197063296896514 1.6607989882702923 1.641717709975476
-0.00010010010010010062 0.0 1.9926975893545713 1.920305955467651 1.9086555870221042
0.00010010010010010062 4.0 2.368147297543687 2.182031056952623 2.178429559212653
0.00030030030030030186 4.0 2.7332819287270693 2.4406670761553406 2.4446428642364055
0.0005005005005005031 4.0 3.075327957374786 2.690906796505935 2.7008987397826427
0.0007007007007007043 4.0 3.381511857956906 2.927443001434537 2.940800423540647
0.0009009009009009056 4.0 3.6390601049435 3.1449684743712805 3.1579511531997007
0.0011011011011011068 4.0 3.835358784364924 3.3382286634960336 3.3460224840211796
0.0013013013013012942 4.0 3.9662849200979773 3.5047706506292613 3.502320296107465
0.0015015015015014954 4.0 4.04028747230276 3.6462897000720877 3.6295315595136004
0.0017017017017016967 4.0 4.066830829386214 3.7648161224994556 3.730777871913903
0.001901901901901898 4.0 4.055379379755301 3.8623802285863205 3.8091808309827053
0.002102102102102099 4.0 4.015397511816977 3.9410123290076386 3.867862034394336
0.0023023023023023004 4.0 3.9563496139781984 4.002742734438365 3.9099430798231256
0.0025025025025025016 4.0 3.887700074645924 4.049601755553455 3.9385455649434054
0.002702702702702703 4.0 3.8189132822271104 4.083619703027864 3.956791087429504
0.002902902902902904 4.0 3.759453625128716 4.10682688753655 3.967801244955755
0.0031031031031031053 4.0 3.7187851831903105 4.121253596909926 3.974697566496122
0.0033033033033033066 4.0 3.703753637075433 4.128736267901253 3.9800186128271915
0.003503503503503508 4.0 3.7122277830304125 4.130446740845593 3.9843043044209203
0.003703703703703709 4.0 3.74015419552368 4.127414545934616 3.9876665925629413
0.0039039039039038964 4.0 3.7834794490236674 4.120669213359997 3.990217428538889
0.004104104104104098 4.0 3.8381501179988162 4.1112402733134115 3.9920687636344017
0.004304304304304299 4.0 3.900112776917558 4.100157255986531 3.993332549135113
0.0045045045045045 4.0 3.9653140002483265 4.088449691571031 3.994120736326658
0.004704704704704701 4.0 4.029700362459556 4.0771471102585854 3.9945452764946703
0.004904904904904903 4.0 4.089218438019681 4.067279042240867 3.9947181209247873
0.005105105105105104 4.0 4.1398148013971365 4.059875017709551 3.9947512209026437
0.005305305305305305 4.0 4.17782339944851 4.055838091523118 3.994748574129522
0.005505505505505506 4.0 4.202920919233799 4.054979928978138 3.9947455446947506
0.0057057057057057076 4.0 4.216493057115306 4.056554211561422 3.9947424070683173
0.005905905905905909 4.0 4.219939275012862 4.059810126367489 3.994739153083847
0.00610610610610611 4.0 4.2146590348463 4.063996860490854 3.9947357745749654
0.006306306306306311 4.0 4.202051798535453 4.068363601026038 3.9947322633752975
0.0065065065065065125 4.0 4.183517028000152 4.072159535067556 3.994728611318466
0.0067067067067067 4.0 4.160454185160232 4.074633849709928 3.994724810238099
0.006906906906906901 4.0 4.13426273193552 4.07503573204767 3.9947208519678195
0.007107107107107102 4.0 4.106342130245854 4.072614369175303 3.9947167283412552
0.007307307307307304 4.0 4.078075009411137 4.0666414444998376 3.994712431638936
0.007507507507507505 4.0 4.050357404733308 4.05703896111361 3.9947079670605543
0.007707707707707706 4.0 4.02353611601431 4.044462960433161 3.994703354388098
0.007907907907907907 4.0 3.997928524538774 4.029608800924194 3.9946986141846246
0.008108108108108109 4.0 3.9738520115913265 4.013171841052407 3.9946937670131883
0.00830830830830831 4.0 3.9516239584565973 3.9958474392835024 3.994688833436846
0.008508508508508511 4.0 3.931561746419215 3.9783309540831793 3.9946838340186535
0.008708708708708712 4.0 3.9139827567638075 3.9613177439171374 3.994678789321666
0.008908908908908914 4.0 3.8992043707750055 3.9455031672510796 3.994673719908942
0.009109109109109115 4.0 3.8875439697374357 3.9315825825507043 3.9946686463435332
0.009309309309309302 4.0 3.8793184839048296 3.9202507202802663 3.9946635891778826
0.009509509509509503 4.0 3.8746588947844027 3.9119434016310755 3.9946585645881716
0.009709709709709705 4.0 3.873224456748354 3.906439629548328 3.994653577648588
0.009909909909909906 4.0 3.874600740019599 3.903415811450894 3.9946486316991834
0.010110110110110107 4.0 3.878373314821056 3.9025483547576423 3.9946437300800084
0.010310310310310308 4.0 3.8841277513756385 3.9035136668874424 3.9946388761311122
0.01051051051051051 4.0 3.8914496199062643 3.9059881552591653 3.9946340731925467
0.01071071071071071 4.0 3.899924490635848 3.909648227291678 3.994629324604361
0.010910910910910912 4.0 3.909137933787308 3.9141702904038533 3.994624633706608
0.011111111111111113 4.0 3.9186755195835574 3.919230752014558 3.994620003839336
0.011311311311311315 4.0 3.928122818247514 3.9245060195426635 3.9946154383425956
0.011511511511511516 4.0 3.937096097003076 3.9296972137067683 3.9946109405357397
0.011711711711711717 4.0 3.9454019322720266 3.934658667855302 3.9946065136098006
0.011911911911911918 4.0 3.9529197339611164 3.9393033515450133 3.9946021607067044
0.012112112112112106 4.0 3.9595290592916874 3.9435443529315215 3.9945978849682726
0.012312312312312307 4.0 3.965109465485088 3.947294760170448 3.994593689536332
0.012512512512512508 4.0 3.969540509762661 3.950467661417414 3.9945895775527047
0.01271271271271271 4.0 3.9727017493457524 3.95297614482804 3.9945855521592177
0.01291291291291291 4.0 3.9744727414557066 3.9547332985579473 3.9945816164976926
0.013113113113113112 4.0 3.9747330433138695 3.955652210762755 3.9945777737099544
0.013313313313313313 4.0 3.9733622121415877 3.9556459695980877 3.9945740269378303
0.013513513513513514 4.0 3.970255763310403 3.9546381251399394 3.9945703793513267
0.013713713713713716 4.0 3.96559430461007 3.952739129714355 3.994566834623996
0.013913913913913917 4.0 3.9598043033636854 3.9502206174152716 3.994563396863632
0.014114114114114118 4.0 3.9533202845116353 3.9473595047878725 3.9945600701922626
0.01431431431431432 4.0 3.946576772994304 3.9444327083773434 3.994556858731914
0.01451451451451452 4.0 3.9400082937520757 3.9417171447288677 3.9945537666046116
0.014714714714714708 4.0 3.934049371725335 3.9394897303876304 3.994550797932383
0.014914914914914909 4.0 3.929134531854467 3.9380273818988165 3.9945479568372555
0.01511511511511511 4.0 3.9256982990798566 3.93760701580761 3.994545247441255
0.015315315315315312 4.0 3.9241751983418878 3.938505548659197 3.99454267386641
0.015515515515515513 4.0 3.92499741141619 3.940998172823963 3.994540240185062
0.015715715715715714 4.0 3.9283341835512084 3.9451666036527073 3.9945379448944682
0.015915915915915915 4.0 3.933854812315721 3.9507246791683817 3.994535775891406
0.016116116116116116 4.0 3.941172622058758 3.9573450505270946 3.9945337198858457
0.016316316316316318 4.0 3.9499009371293514 3.9647003688849556 3.9945317635877564
0.01651651651651652 4.0 3.959653081876529 3.972463285398071 3.9945298937071048
0.01671671671671672 4.0 3.9700423806493244 3.9803064512225506 3.994528096953862
0.01691691691691692 4.0 3.9806821577967644 3.987902517514501 3.9945263600379946
0.017117117117117123 4.0 3.991185737667882 3.994924135430032 3.9945246696694734
0.017317317317317324 4.0 4.001166444611707 4.001043956125251 3.9945230125582665
0.01751751751751751 4.0 4.010237602977268 4.005934630756267 3.9945213754143416
0.017717717717717713 4.0 4.018040529370728 4.009324633693395 3.9945197475311165
0.017917917917917914 4.0 4.024343269972035 4.011195168199481 3.9945181298980668
0.018118118118118115 4.0 4.028949717338422 4.01159892373402 3.9945165268129834
0.018318318318318316 4.0 4.031663766254375 4.010588594198172 3.994514942573862
0.018518518518518517 4.0 4.032289311504378 4.008216873493099 3.9945133814787015
0.01871871871871872 4.0 4.030630247872919 4.004536455519963 3.994511847825499
0.01891891891891892 4.0 4.026490470144482 3.9996000341799256 3.9945103459122504
0.01911911911911912 4.0 4.019673873103552 3.993460303374148 3.994508880036953
0.019319319319319322 4.0 4.009984351534615 3.986169957003791 3.994507454497604
0.019519519519519524 4.0 3.997225800222155 3.9777816889700164 3.9945060735921993
0.019719719719719725 4.0 3.9812606535527877 3.9683670606288732 3.994504877442225
0.019919919919919926 4.0 3.9626491264744503 3.9582225296934466 3.994505625158445
0.020120120120120114 4.0 3.942409947405352 3.9477923338736223 3.9945111396938104
0.020320320320320315 4.0 3.921569869886075 3.9375232973955696 3.9945242626211455
0.020520520520520516 4.0 3.901155647457207 3.927862244485463 3.9945478355132735
0.020720720720720717 4.0 3.882194033659334 3.919255999369473 3.9945846999430197
0.02092092092092092 4.0 3.8657117820330456 3.912151386273775 3.994637697483209
0.02112112112112112 4.0 3.8527356461189264 3.9069952294245383 3.9947096697066664
0.02132132132132132 4.0 3.8442923794575616 3.9042343530479373 3.9948034581862153
0.021521521521521522 4.0 3.8414087355895408 3.904315581370144 3.99492190449468
0.021721721721721723 4.0 3.8450944658712167 3.907678278695494 3.9950677833601316
0.021921921921921925 4.0 3.855515272561155 3.9143914721875603 3.995240551098516
0.022122122122122126 4.0 3.8716208827189305 3.9239906646218063 3.9954348833716082
0.022322322322322327 4.0 3.8922665138632757 3.9359698915258496 3.995645084273211
0.02252252252252253 4.0 3.916307383512922 3.9498231884273083 3.9958654578971333
0.02272272272272273 4.0 3.942598709186603 3.9650445908538003 3.9960903083371804
0.022922922922922917 4.0 3.969995708403049 3.981128134332944 3.99631393968716
0.023123123123123118 4.0 3.9973535986809963 3.9975678543923583 3.9965306560408784
0.02332332332332332 4.0 4.023527597539175 4.013857786559662 3.996734761492142
0.02352352352352352 4.0 4.0473729224963195 4.029491966362473 3.996920560134758
0.023723723723723722 4.0 4.067744851903667 4.043964448207783 3.9970823563986855
0.023923923923923923 4.0 4.083806167649952 4.056864720247849 3.997216153943559
0.024124124124124124 4.0 4.095742084980901 4.0680995829017705 3.997323606279788
0.024324324324324326 4.0 4.103950048834295 4.077641702089039 3.997407539674989
0.024524524524524527 4.0 4.108827504147914 4.085463743729145 3.997470780396781
0.024724724724724728 4.0 4.110771895859537 4.09153837374158 3.997516154712782
0.02492492492492493 4.0 4.110180668906945 4.095838258045835 3.9975464888906105
0.02512512512512513 4.0 4.107451268227913 4.098336062561399 3.997564609197881
0.025325325325325332 4.0 4.102981138760225 4.099004453207766 3.997573341902217
0.025525525525525533 4.0 4.0971677254416585 4.097816095904425 3.9975755132712307
0.025725725725725734 4.0 4.090408473209995 4.094743656570867 3.9975739495725446
0.025925925925925936 4.0 4.083074576733449 4.089782689606741 3.997571269552501
0.026126126126126137 4.0 4.075318319831724 4.083119625036853 3.997568361359681
0.026326326326326338 4.0 4.067183199782544 4.075035747477937 3.997565253131623
0.02652652652652654 4.0 4.058711925689621 4.065813028781786 3.9975619667749633
0.02672672672672674 4.0 4.049947206656663 4.055733440800195 3.9975585241963403
0.026926926926926914 4.0 4.040931751787376 4.045078955384952 3.997554947302388
0.027127127127127115 4.0 4.03170827018547 4.03413154438785 3.9975512579997448
0.027327327327327317 4.0 4.022319470954651 4.023173179660682 3.997547478195045
0.027527527527527518 4.0 4.01280806319863 4.012485833055241 3.9975436297949267
0.02772772772772772 4.0 4.003216756021114 4.002351476423318 3.9975397347060277
0.02792792792792792 4.0 3.993590746232365 3.9930462540949465 3.9975358147450826
0.02812812812812812 4.0 3.984043447391975 3.9846865107684257 3.99753188926366
0.028328328328328323 4.0 3.9747632254944656 3.977213012979552 3.997527974904743
0.028528528528528524 4.0 3.9659422851235826 3.9705575352621523 3.997524088172601
0.028728728728728725 4.0 3.957772830863072 3.9646518521500553 3.9975202455715024
0.028928928928928926 4.0 3.9504470672966807 3.959427738177088 3.997516463605717
0.029129129129129128 4.0 3.9441571990081536 3.954816967877077 3.9975127587795116
0.02932932932932933 4.0 3.9390954305812356 3.95075131578385 3.9975091475971554
0.02952952952952953 4.0 3.935453966599675 3.947162556431235 3.9975056465629177
0.02972972972972973 4.0 3.933425011647216 3.943982464353058 3.9975022721810674
0.029929929929929933 4.0 3.9332002283734395 3.9411428586839397 3.997499040945088
0.030130130130130134 4.0 3.9347825401379253 3.9385910916665416 3.997495965592922
0.030330330330330335 4.0 3.9377099410635754 3.9363127788858545 3.9974930496113155
0.030530530530530536 4.0 3.9414501112999787 3.9342993227163863 3.9974902950879097
0.030730730730730738 4.0 3.945470730996722 3.9325421255326436 3.9974877041103407
0.03093093093093094 4.0 3.949239480303394 3.931032589709132 3.9974852787662476
0.03113113113113114 4.0 3.9522240393695798 3.9297621176203594 3.997483021143269
0.03133133133133134 4.0 3.953892088344868 3.9287221116408313 3.997480933329042
0.03153153153153154 4.0 3.953711307378846 3.927903974145055 3.9974790174112056
0.031731731731731744 4.0 3.9511493766211023 3.9272991075075367 3.997477275477398
0.031931931931931945 4.0 3.945673976221222 3.9268989141027837 3.9974757096152573
0.032132132132132146 4.0 3.9369308475578966 3.9267122054069246 3.997476908155246
0.03233233233233232 4.0 3.925634910823832 3.926852326840507 3.997498988670488
0.03253253253253252 4.0 3.912898307579997 3.9274714602805143 3.997565838159149
0.03273273273273272 4.0 3.89983383941415 3.928721852134952 3.9977013532059202
0.03293293293293292 4.0 3.88755430791405 3.9307557488118254 3.9979294303954953
0.033133133133133125 4.0 3.8771725146674627 3.933725396719145 3.99827396631257
0.033333333333333326 4.0 3.8698012612621455 3.937783042264915 3.998758857541838
0.03353353353353353 4.0 3.8665533492858595 3.943080931857142 3.999408000667992
0.03373373373373373 4.0 3.8685415803263643 3.9497713119038336 4.000245292275727
0.03393393393393393 4.0 3.8768787559714224 3.958006428812997 4.001294628949736
0.03413413413413413 4.0 3.892593249803576 3.967922227813819 4.002577727988144
0.03433433433433433 4.0 3.915269059106805 3.9793757770465135 4.004079023919443
0.03453453453453453 4.0 3.9432777331005298 3.9919900477700874 4.005751655118948
0.034734734734734735 4.0 3.974953224598156 4.00538075220982 4.007547789509787
0.034934934934934936 4.0 4.008629486413089 4.019163602590994 4.009419595015084
0.03513513513513514 4.0 4.042640471358739 4.032954311138889 4.011319239557967
0.03533533533533534 4.0 4.0753201322485095 4.046368590078786 4.013198891061559
0.03553553553553554 4.0 4.105002421895806 4.059022151635965 4.015010717448986
0.03573573573573574 4.0 4.130021293114037 4.070530708035706 4.016706886643372
0.03593593593593594 4.0 4.148710698716608 4.080509971503292 4.018239566567846
0.03613613613613614 4.0 4.159414715877247 4.08857746122251 4.019561155415808
0.036336336336336345 4.0 4.161508845585836 4.09453478109768 4.020647510269877
0.036536536536536546 4.0 4.156275251962434 4.098523829239989 4.021517853702639
0.03673673673673675 4.0 4.145202267762032 4.100723299978577 4.022196097423272
0.03693693693693695 4.0 4.129778225739619 4.101311887642589 4.022706153140964
0.03713713713713715 4.0 4.111491458650187 4.100468286561167 4.023071932564899
0.03733733733733735 4.0 4.091830299248723 4.098371191063451 4.023317347404257
0.03753753753753755 4.0 4.072283080290219 4.095199295478584 4.023466309368224
0.037737737737737725 4.0 4.054338134529665 4.091131294135709 4.023542730165984
0.03793793793793793 4.0 4.039483794722045 4.086345881363966 4.0235705215067155
0.03813813813813813 4.0 4.029208393622355 4.0810217514925 4.023573595099608
0.03833833833833833 4.0 4.024586643867214 4.075303182676154 4.023572237240688
0.03853853853853853 4.0 4.024877828686686 4.069183396261595 4.023570821843201
0.03873873873873873 4.0 4.028843297992358 4.062614181955402 4.023569358395347
0.03893893893893893 4.0 4.035244388250161 4.055547328345378 4.023567856267477
0.039139139139139134 4.0 4.042842435926032 4.04793462401933 4.023566324829943
0.039339339339339335 4.0 4.050398777485901 4.039727857565059 4.02356477345309
0.03953953953953954 4.0 4.056674749395702 4.03087881757037 4.0235632115072715
0.03973973973973974 4.0 4.06043168812137 4.021339292623066 4.0235616483628345
0.03993993993993994 4.0 4.060430930128838 4.011061071310954 4.023560093390132
0.04014014014014014 4.0 4.055433811884038 3.9999959422218354 4.023558555959509
0.04034034034034034 4.0 4.044335223598154 3.9881211290836527 4.0235572187846955
0.04054054054054054 4.0 4.027563414420084 3.975705881874821 4.023558254771545
0.040740740740740744 4.0 4.006526854524986 3.9632061324157544 4.023565109083917
0.040940940940940945 4.0 3.9826499495968872 3.9510808474241683 4.02358124756884
0.041141141141141147 4.0 3.957357105319818 3.93978899361778 4.023610136073343
0.04134134134134135 4.0 3.9320727273778058 3.9297895377143037 4.023655240444453
0.04154154154154155 4.0 3.9082212214548804 3.9215414464314566 4.023720026529199
0.04174174174174175 4.0 3.8872269932350707 3.9155036864869555 4.023807960174612
0.04194194194194195 4.0 3.870514448402405 3.9121352245985146 4.0239225072277165
0.04214214214214215 4.0 3.859507992640913 3.911895027483852 4.024067133535544
0.042342342342342354 4.0 3.8556113230342777 3.9152338441922203 4.024245216302809
0.042542542542542555 4.0 3.859266736255586 3.92222091707023 4.024456017499387
0.042742742742742756 4.0 3.8695688063788762 3.932390679867397 4.024693030224093
0.04294294294294296 4.0 3.8855113603328046 3.9452375874536627 4.024949316331737
0.04314314314314313 4.0 3.90608822504603 3.9602560946989698 4.02521793767713
0.04334334334334333 4.0 3.9302932274472178 3.9769406564732668 4.025491956115086
0.043543543543543534 4.0 3.9571201944650243 3.9947857276464944 4.025764433500414
0.043743743743743735 4.0 3.9855629530281087 4.013285763088597 4.026028431687925
0.043943943943943936 4.0 4.014615330065132 4.0319352176695205 4.0262770125324305
0.04414414414414414 4.0 4.043271152504754 4.0502285462592065 4.026503237888743
0.04434434434434434 4.0 4.070524293831076 4.067660225626195 4.026700170261785
0.04454454454454454 4.0 4.095521119265199 4.083796461099566 4.026863001596377
0.04474474474474474 4.0 4.117899771912692 4.098434778868481 4.026993791169727
0.04494494494494494 4.0 4.137397342158034 4.111419247616967 4.027095979988228
0.045145145145145144 4.0 4.153750920385703 4.122593936029043 4.027173009058275
0.045345345345345345 4.0 4.166697596980173 4.131802912788734 4.027228319386256
0.045545545545545546 4.0 4.175974462325924 4.138890246580063 4.027265351978566
0.04574574574574575 4.0 4.181318606807432 4.143700006087052 4.027287547841596
0.04594594594594595 4.0 4.182467120809174 4.146076259993725 4.027298347981739
0.04614614614614615 4.0 4.179157094715626 4.145863076984103 4.027301193405385
0.04634634634634635 4.0 4.171125618911267 4.142904525742212 4.027299525118929
0.04654654654654655 4.0 4.15822074928032 4.137102192721993 4.027296520611955
0.04674674674674675 4.0 4.141185090790091 4.128821344246012 4.027293233031633
0.046946946946946955 4.0 4.121193291709866 4.118651191622401 4.027289689524512
0.047147147147147156 4.0 4.0994228010452645 4.107182397890764 4.027285910586061
0.04734734734734736 4.0 4.077051067801904 4.095005626090698 4.02728191671174
0.04754754754754756 4.0 4.055255540985399 4.082711539261805 4.027277728397017
0.04774774774774776 4.0 4.035213669601373 4.070890800443689 4.027273366137356
0.04794794794794796 4.0 4.018102902655441 4.060134072675948 4.027268850428222
0.04814814814814816 4.0 4.005100689153222 4.051032018998186 4.027264201765081
0.04834834834834836 4.0 3.997384478100333 4.044175302450002 4.0272594406433955
0.04854854854854854 4.0 3.9960857097069757 4.0401331566235505 4.027254587247369
0.04874874874874874 4.0 4.001137644751465 4.03891674087897 4.027249653655152
0.04894894894894894 4.0 4.011192019252176 4.039940320716281 4.027244643274988
0.04914914914914914 4.0 4.024837867732443 4.042588957254456 4.027239559090928
0.04934934934934934 4.0 4.0406642247155995 4.04624771161247 4.027234404087018
0.04954954954954954 4.0 4.0572601247249835 4.0503016449092994 4.027229181247311
0.049749749749749744 4.0 4.073214602283926 4.054135818263914 4.027223893555852
0.049949949949949946 4.0 4.0871166919157655 4.057135292795291 4.027218543996696
0.05015015015015015 4.0 4.097555428143832 4.058685129622401 4.027213135553886
0.05035035035035035 4.0 4.103119845491466 4.058170389864221 4.027207671211477
0.05055055055055055 4.0 4.102401397656698 4.05497718147628 4.027202153973529
0.05075075075075075 4.0 4.094711377975801 4.048803104778608 4.027196592799534
0.05095095095095095 4.0 4.081083126925002 4.040090932358655 4.027191010895939
0.05115115115115115 4.0 4.062802095187563 4.0293925311081225 4.027185433554967
0.051351351351351354 4.0 4.041153733446743 4.017259767918708 4.027179886068842
0.051551551551551555 4.0 4.017423492385801 4.004244509682112 4.027174393729787
0.05175175175175176 4.0 3.9928968226879995 3.990898623290034 4.027168981830025
0.05195195195195196 4.0 3.968859175036596 3.9777739756341717 4.02716367566178
0.05215215215215216 4.0 3.9465960001148503 3.965422433606225 4.027158500517274
0.05235235235235236 4.0 3.9273927486060245 3.954395864097894 4.027153481688732
0.05255255255255256 4.0 3.912534871193375 3.945246134000876 4.027148644468374
0.05275275275275276 4.0 3.9030904102142006 3.9384456002481465 4.027144010635132
0.052952952952952964 4.0 3.898862848843479 3.9340041488111517 4.027139581532783
0.053153153153153165 4.0 3.8991996598570378 3.9317648948418755 4.027135351136026
0.05335335335335337 4.0 3.9034477042959255 3.931570729770408 4.0271313134096784
0.05355355355355357 4.0 3.91095384320119 3.9332645450268346 4.027127462318553
0.05375375375375377 4.0 3.9210649376138775 3.9366892320412448 4.027123791827464
0.05395395395395394 4.0 3.9331278485750336 3.941687682243725 4.027120295901224
0.054154154154154144 4.0 3.9464894371257113 3.948102787064366 4.027116968504648
0.054354354354354345 4.0 3.9604965643069554 3.9557774379332553 4.0271138036025524
0.054554554554554546 4.0 3.9744960911598115 3.964554526280479 4.027110795159748
0.05475475475475475 4.0 3.987856307031398 3.974274599832136 4.027107936572259
0.05495495495495495 4.0 4.0002968047637655 3.984739782773005 4.027105211911122
0.05515515515515515 4.0 4.011824210783913 3.9957208052170117 4.027102597628364
0.05535535535535535 4.0 4.022453561118661 4.006987477484775 4.027100069952793
0.05555555555555555 4.0 4.03219989179483 4.018309609896905 4.0270976051132115
0.055755755755755754 4.0 4.041078238839241 4.029457012774017 4.027095179338426
0.055955955955955955 4.0 4.049103638278715 4.040199496436723 4.027092768857241
0.056156156156156156 4.0 4.056291126140072 4.0503068712056365 4.02709034989846
0.05635635635635636 4.0 4.0626557384501325 4.059548947401374 4.027087898690889
0.05655655655655656 4.0 4.068212511235718 4.067695535344545 4.027085391463333
0.05675675675675676 4.0 4.072976378972102 4.074517477002141 4.027082804529481
0.05695695695695696 4.0 4.0769528453944 4.079881419764884 4.0270801220858266
0.05715715715715716 4.0 4.080130463374186 4.08382621221201 4.027077342497461
0.057357357357357364 4.0 4.082496016124937 4.086408680604341 4.027074465608669
0.057557557557557565 4.0 4.08403628686013 4.087685651202696 4.027071491263735
0.057757757757757766 4.0 4.084738058793245 4.087713950267894 4.027068419306941
0.05795795795795797 4.0 4.084588115137759 4.086550404060754 4.027065249582572
0.05815815815815817 4.0 4.083573239107151 4.0842518388420945 4.027061981934912
0.05835835835835837 4.0 4.081680213914899 4.0808750808727385 4.027058616208244
0.05855855855855857 4.0 4.078895822774482 4.076476956413503 4.027055152246853
0.05875875875875877 4.0 4.0752068488993745 4.0711142917252054 4.027051589895023
0.058958958958958974 4.0 4.070614047545605 4.0648598829248925 4.0270479320065675
0.05915915915915915 4.0 4.065177629204484 4.057854482661819 4.027044194241762
0.05935935935935935 4.0 4.0589736161320795 4.050256916219135 4.027040395666686
0.05955955955955955 4.0 4.052078030714828 4.042226009029008 4.02703655534744
0.05975975975975975 4.0 4.044566895339164 4.033920586523602 4.02703269235013
0.05995995995995995 4.0 4.036516232391527 4.025499474135084 4.027028825740863
0.06016016016016015 4.0 4.028002064258352 4.017121497295616 4.027024974585741
0.060360360360360354 4.0 4.019100413326077 4.008945481437366 4.027021157950869
0.060560560560560556 4.0 4.009887301981138 4.001130251992496 4.027017394902352
0.06076076076076076 4.0 4.00043875260997 3.993834634393173 4.027013704506295
0.06096096096096096 4.0 3.9908417383187293 3.987208188723403 4.02701010531197
0.06116116116116116 4.0 3.981304387443908 3.981297966244097 4.027006610150584
0.06136136136136136 4.0 3.9721101698648136 3.976087272120666 4.027003228297515
0.06156156156156156 4.0 3.96354369019964 3.9715584514217257 4.026999968974579
0.06176176176176176 4.0 3.9558895530665827 3.967693849215895 4.026996841403599
0.061961961961961964 4.0 3.9494323630838353 3.9644758105717894 4.026993854806392
0.062162162162162166 4.0 3.9444567248695943 3.961886680558029 4.02699101840478
0.06236236236236237 4.0 3.941247243042051 3.9599088042432284 4.02698834142058
0.06256256256256257 4.0 3.940088522219403 3.958524526696008 4.0269858330756145
0.06276276276276277 4.0 3.9412651670198433 3.957716192984984 4.026983502591702
0.06296296296296297 4.0 3.9450531001351226 3.9574663033507416 4.026981495342854
0.06316316316316317 4.0 3.9513505656306203 3.9577641082795627 4.026985879556005
0.06336336336336337 4.0 3.959540597378407 3.958608066603503 4.0270108031162435
0.06356356356356357 4.0 3.968969206840991 3.9599972988557197 4.027070994503573
0.06376376376376378 4.0 3.9789824054808793 3.9619309255693658 4.027181182197992
0.06396396396396398 4.0 3.9889262047605794 3.964408067277597 4.027356094679501
0.06416416416416418 4.0 3.9981466161425994 3.9674278445135682 4.0276104604281
0.06436436436436438 4.0 4.005989651089445 3.9709893778104313 4.027959007923786
0.06456456456456455 4.0 4.011801321063625 3.975091787701345 4.028416465646561
0.06476476476476475 4.0 4.014927637527648 3.9797341947194615 4.028997562076425
0.06496496496496496 4.0 4.01471479441677 3.984915726464355 4.029717021558309
0.06516516516516516 4.0 4.010920824169183 3.9906514593449316 4.030580235643981
0.06536536536536536 4.0 4.004592109502936 3.997006362271226 4.031563400201488
0.06556556556556556 4.0 3.9970262785118242 4.0040551338520824 4.032637017553684
0.06576576576576576 4.0 3.9895209592896475 4.01187247269635 4.033771590023432
0.06596596596596596 4.0 3.9833737799302025 4.020533077412875 4.034937619933587
0.06616616616616616 4.0 3.9798823685272886 4.030111646610503 4.036105609607012
0.06636636636636636 4.0 3.9803443531747016 4.040682878898082 4.037246061366563
0.06656656656656657 4.0 3.9860573619662416 4.052321472884461 4.038329477535102
0.06676676676676677 4.0 3.998319022995705 4.065102127178485 4.039326360435487
0.06696696696696697 4.0 4.018426964356891 4.079099540389001 4.040207212390575
0.06716716716716717 4.0 4.047355115312931 4.094341833530452 4.0409460795569885
0.06736736736736737 4.0 4.083554176369896 4.110494055790902 4.041544632235778
0.06756756756756757 4.0 4.124290600062066 4.127050852833661 4.042017505797827
0.06776776776776777 4.0 4.1668240099060325 4.143505887682658 4.0423794103776585
0.06796796796796797 4.0 4.20841402941838 4.159352823361822 4.042645056109791
0.06816816816816818 4.0 4.246320282115697 4.1740853228950865 4.04282915312875
0.06836836836836838 4.0 4.277802391514572 4.18719704930638 4.042946411569055
0.06856856856856858 4.0 4.300119981131595 4.198181665619636 4.043011541565231
0.06876876876876878 4.0 4.310532674483353 4.206532834858782 4.0430392532517985
0.06896896896896898 4.0 4.306300095086431 4.211744220047749 4.043044256763279
0.06916916916916918 4.0 4.284805198493346 4.213329887224091 4.043040983927144
0.06936936936936938 4.0 4.246484682472661 4.211309087826392 4.043036975595727
0.06956956956956958 4.0 4.194954704361541 4.206227056314592 4.043032597956541
0.06976976976976978 4.0 4.133979909832977 4.198653591808701 4.043027882123166
0.06996996996996996 4.0 4.067324944559973 4.18915849342873 4.0430228592091755
0.07017017017017016 4.0 3.998754454215506 4.17831156029469 4.043017560328152
0.07037037037037036 4.0 3.9320330844725726 4.166682591526589 4.043012016593665
0.07057057057057056 4.0 3.870925481004171 4.154841386244441 4.043006259119299
0.07077077077077076 4.0 3.8191962894832914 4.143357743568256 4.043000319018626
0.07097097097097096 4.0 3.7806101555829263 4.132801462618042 4.042994227405225
0.07117117117117117 4.0 3.758924291934899 4.1237413424965474 4.042988015370804
0.07137137137137137 4.0 3.755987247160873 4.116489396836907 4.042981708391492
0.07157157157157157 4.0 3.7692127004172944 4.110760986308614 4.04297531889536
0.07177177177177177 4.0 3.7953859393677876 4.106186929826445 4.042968857461656
0.07197197197197197 4.0 3.8312922516759738 4.102398046305179 4.042962334669626
0.07217217217217217 4.0 3.873716925005476 4.099025154659591 4.042955761098519
0.07237237237237237 4.0 3.919445247019919 4.09569907380446 4.042949147327583
0.07257257257257257 4.0 3.965262505382924 4.092050622654563 4.042942503936066
0.07277277277277278 4.0 4.007953987758114 4.087710620124676 4.0429358415032155
0.07297297297297298 4.0 4.0443049818091135 4.082309885129577 4.042929170608279
0.07317317317317318 4.0 4.071100775199543 4.075479236584043 4.042922501830502
0.07337337337337338 4.0 4.0857234821177 4.066931714979162 4.042915846478493
0.07357357357357358 4.0 4.088918416265444 4.056843690691716 4.042909219970885
0.07377377377377378 4.0 4.082607913541783 4.04555368610816 4.042902639164695
0.07397397397397398 4.0 4.068715558754794 4.033400395670423 4.042896120918476
0.07417417417417418 4.0 4.049164936712549 4.02072251382044 4.042889682090776
0.07437437437437439 4.0 4.025879632223125 4.0078587350001404 4.0428833395401425
0.07457457457457459 4.0 4.000783230094596 3.9951477536514552 4.042877110125125
0.07477477477477479 4.0 3.975799315135037 3.9829282642163184 4.042871010704272
0.07497497497497499 4.0 3.952851472152523 3.97153896113666 4.042865058136133
0.07517517517517519 4.0 3.933863285955129 3.961318538854413 4.0428592692792575
0.07537537537537536 4.0 3.92066104288737 3.9525918903367563 4.042853660307266
0.07557557557557557 4.0 3.9135413618751125 3.945466930137402 4.04284823662581
0.07577577577577577 4.0 3.9115843996156543 3.9398790215474886 4.042842995077342
0.07597597597597597 4.0 3.913836687876266 3.9357587582697637 4.0428379322676244
0.07617617617617617 4.0 3.9193447584242103 3.933036734006969 4.042833044802411
0.07637637637637637 4.0 3.927155143026752 3.9316435424618463 4.042828329287456
0.07657657657657657 4.0 3.936314373451159 3.9315097773371424 4.042823782328521
0.07677677677677677 4.0 3.9458689814646974 3.9325660323356004 4.04281940053136
0.07697697697697697 4.0 3.9548654988346317 3.9347429011599626 4.042815180501729
0.07717717717717718 4.0 3.9623504573282275 3.937970977512973 4.0428111188453855
0.07737737737737738 4.0 3.967376792822203 3.942180389174905 4.042807212138577
0.07757757757757758 4.0 3.9695416145819777 3.947261673314417 4.0428034544499605
0.07777777777777778 4.0 3.969393155318614 3.9530361693780547 4.042799835465364
0.07797797797797798 4.0 3.9675754844592683 3.959318244339462 4.042796344428987
0.07817817817817818 4.0 3.964732671431091 3.9659222651722854 4.04279297058503
0.07837837837837838 4.0 3.961508785661239 3.9726625988501705 4.0427897031776965
0.07857857857857858 4.0 3.9585478965768655 3.979353612346764 4.042786531451188
0.07877877877877879 4.0 3.956494073605125 3.985809672635712 4.042783444649707
0.07897897897897899 4.0 3.955991386173171 3.991845146690658 4.042780432017453
0.07917917917917919 4.0 3.9576839037081593 3.997274401485251 4.042777482798632
0.07937937937937939 4.0 3.9622156956372416 4.001911803993135 4.042774586237442
0.07957957957957959 4.0 3.9699856976735868 4.0056144640782065 4.0427717335898
0.07977977977977979 4.0 3.9803815090908277 4.0084158339023634 4.042768924411249
0.07997997997997999 4.0 3.9925299542986847 4.010394835796445 4.042766160397408
0.0801801801801802 4.0 4.005557857429807 4.011630392139603 4.042763443243896
0.0803803803803804 4.0 4.018592042616845 4.0122014253109874 4.042760774646332
0.0805805805805806 4.0 4.030759333992447 4.012186857689749 4.042758156300339
0.08078078078078077 4.0 4.041186555689263 4.011665611655041 4.042755589901537
0.08098098098098097 4.0 4.049000531839946 4.010716609586012 4.0427530771455435
0.08118118118118117 4.0 4.053328086577141 4.009418773861816 4.042750619727981
0.08138138138138137 4.0 4.0532960440335 4.007851026861601 4.042748219344469
0.08158158158158157 4.0 4.048146885279517 4.0060962439619185 4.042745877633398
0.08178178178178178 4.0 4.038356670534878 4.004279462602893 4.042743595622765
0.08198198198198198 4.0 4.025147624793604 4.002551223125443 4.042741373971354
0.08218218218218218 4.0 4.009752355767408 4.001062420737701 4.042739213332808
0.08238238238238238 4.0 3.993403471168002 3.999963950647802 4.042737114360771
0.08258258258258258 4.0 3.9773335787071025 3.9994067080638835 4.042735077708892
0.08278278278278278 4.0 3.962775286096419 3.999541588194079 4.0427331040308125
0.08298298298298298 4.0 3.950961201047667 4.0005194862465245 4.042731193980178
0.08318318318318318 4.0 3.9431239312725586 4.002491297429352 4.042729348210633
0.08338338338338339 4.0 3.9404960844828083 4.0056079169507015 4.042727567375826
0.08358358358358359 4.0 3.9442857749080287 4.010015708011775 4.042725852030964
0.08378378378378379 4.0 3.9547008411250086 4.0156759537106534 4.042724198711385
0.08398398398398399 4.0 3.9706212010971464 4.022304233190356 4.042722598615826
0.08418418418418419 4.0 3.990835096762539 4.029599162861507 4.0427210425745965
0.08438438438438439 4.0 4.014130770059285 4.0372593591347306 4.0427195214180065
0.0845845845845846 4.0 4.039296462925483 4.044983438420651 4.042718025976369
0.0847847847847848 4.0 4.06512041729923 4.052470017129894 4.042716547079992
0.084984984984985 4.0 4.090390875118625 4.059417711673083 4.042715075559187
0.0851851851851852 4.0 4.113896078321767 4.065525138460845 4.042713602244264
0.0853853853853854 4.0 4.134424268846754 4.070490913903803 4.042712117965536
0.0855855855855856 4.0 4.150763917470171 4.074013727506996 4.042710613554854
0.0857857857857858 4.0 4.162076448339767 4.075911395625184 4.042709082358604
0.085985985985986 4.0 4.1686551530973235 4.076363269912964 4.042707525354464
0.08618618618618618 4.0 4.171007242482133 4.075617030964015 4.042705944962403
0.08638638638638638 4.0 4.169639927233492 4.073920359372022 4.042704343602388
0.08658658658658658 4.0 4.16506041809069 4.071520935730671 4.042702723694385
0.08678678678678678 4.0 4.157775925793022 4.0686664406336455 4.042701087658364
0.08698698698698698 4.0 4.148293661079781 4.065604554674629 4.04269943791429
0.08718718718718718 4.0 4.1371208346902595 4.062582958447306 4.042697776882132
0.08738738738738738 4.0 4.124764657363752 4.059849332545362 4.042696106981859
0.08758758758758758 4.0 4.11173233983955 4.0576513575624755 4.042694430633434
0.08778778778778779 4.0 4.098520849020857 4.0562071705215175 4.042692749693861
0.08798798798798799 4.0 4.0855499215175755 4.055512173659357 4.042691061775839
0.08818818818818819 4.0 4.073204074452082 4.055460195015984 4.042689362556523
0.08838838838838839 4.0 4.061867645440152 4.055944544928256 4.042687647703207
0.08858858858858859 4.0 4.051924972097558 4.056858533733022 4.042685912883182
0.08878878878878879 4.0 4.043760392040074 4.058095471767143 4.042684153763744
0.08898898898898899 4.0 4.037758242883472 4.059548669367466 4.04268236601218
0.0891891891891892 4.0 4.034302862243526 4.061111436870848 4.042680545295786
0.0893893893893894 4.0 4.033778587736009 4.062677084614142 4.042678687281855
0.0895895895895896 4.0 4.036569756976695 4.0641389229342035 4.042676787637678
0.0897897897897898 4.0 4.043030143536582 4.0653891458071385 4.042674842162385
0.08998998998999 4.0 4.052793236014444 4.0662936385881 4.042672849762014
0.0901901901901902 4.0 4.064762486959087 4.066691621850293 4.04267081249158
0.0903903903903904 4.0 4.077808834548432 4.066421128569939 4.042668732546341
0.0905905905905906 4.0 4.090803216960404 4.0653201917232655 4.042666612121559
0.0907907907907908 4.0 4.102616572372928 4.063226844286497 4.042664453412499
0.090990990990991 4.0 4.112119838963926 4.059979119235853 4.042662258614417
0.0911911911911912 4.0 4.118183954911322 4.05541504954756 4.042660029922576
0.09139139139139141 4.0 4.1196798583930425 4.049372668197842 4.042657769532236
0.09159159159159158 4.0 4.11547848758701 4.041690008162923 4.04265547963866
0.09179179179179178 4.0 4.104454364840103 4.032206005759827 4.042653162461553
0.09199199199199198 4.0 4.086283321687529 4.020961556335305 4.042650825685767
0.09219219219219218 4.0 4.06244982172497 4.008453396229051 4.042648489331513
0.09239239239239239 4.0 4.034686305592139 3.9952407610056975 4.0426461751102725
0.09259259259259259 4.0 4.00472521392875 3.9818828862298803 4.04264390473353
0.09279279279279279 4.0 3.974298987374517 3.968939007466231 4.042641699912766
0.09299299299299299 4.0 3.9451400665691527 3.9569683602793813 4.042639582359461
0.09319319319319319 4.0 3.918980892152371 3.9465301802339665 4.0426375737851
0.09339339339339339 4.0 3.8975539047638863 3.9381837028946194 4.042635695901164
0.0935935935935936 4.0 3.8825915450434096 3.9324881638259717 4.042633970419134
0.0937937937937938 4.0 3.8758262536306574 3.930002798592658 4.042632419050494
0.093993993993994 4.0 3.878572305410761 3.9311571427471925 4.042631183649004
0.0941941941941942 4.0 3.889860748578509 3.935672556851281 4.042631062057233
0.0943943943943944 4.0 3.907947238707139 3.9430299024986715 4.042633074894094
0.0945945945945946 4.0 3.9310867963450598 3.9527098443211974 4.042638242960942
0.0947947947947948 4.0 3.9575344420406786 3.964193046950692 4.04264758705914
0.094994994994995 4.0 3.9855451963424047 3.976960175018988 4.042662127990042
0.0951951951951952 4.0 4.013374079798642 3.9904918931579156 4.042682886555004
0.0953953953953954 4.0 4.039276112957802 4.004268865999311 4.042710883555388
0.0955955955955956 4.0 4.061506316368294 4.017771758175005 4.04274713979255
0.09579579579579581 4.0 4.078319710578523 4.030481234316833 4.042792676067851
0.09599599599599601 4.0 4.088085537279832 4.041897691002386 4.042848402664131
0.09619619619619621 4.0 4.090896159222672 4.051819197642862 4.042913562600429
0.09639639639639641 4.0 4.088177615832484 4.060274219136109 4.042986108452
0.09659659659659661 4.0 4.081390672661125 4.067297219392286 4.043063959193667
0.09679679679679681 4.0 4.071996095260456 4.072922662321551 4.043145033800254
0.09699699699699699 4.0 4.061454649182336 4.077185011834063 4.043227251246585
0.09719719719719719 4.0 4.051227099978622 4.080118731839979 4.043308530507482
0.09739739739739739 4.0 4.042774213201172 4.081758286249462 4.043386790557768
0.09759759759759759 4.0 4.037556754401846 4.0821381389726685 4.043459950372267
0.09779779779779779 4.0 4.037035489132505 4.081292753919756 4.043525928925801
0.097997997997998 4.0 4.042651800583744 4.079256360753158 4.043582659111941
0.0981981981981982 4.0 4.054334867893025 4.076044913221442 4.0436291597592255
0.0983983983983984 4.0 4.069443438810248 4.071643299832668 4.043666295559082
0.0985985985985986 4.0 4.085086376521963 4.0660333890866145 4.0436951106485495
0.0987987987987988 4.0 4.098372544214723 4.059197049483064 4.04371664916467
0.098998998998999 4.0 4.106410805075075 4.051116149521796 4.043731955244483
0.0991991991991992 4.0 4.106310022289572 4.041772557702594 4.043742073025028
0.0993993993993994 4.0 4.09517905904476 4.031148142525236 4.043748046643346
0.0995995995995996 4.0 4.070126778527195 4.0192247724895065 4.043750920236478
0.0997997997997998 4.0 4.028262043923424 4.005984316095184 4.043751737941466
0.1 4.0 3.966693718419996 3.991408641842049 4.043751543895347
