xplot yplot Bspline_fit Pspline_fit c0 c1 c10 c100 c1000 c10000
0.1 -0.03781487646809164 -0.040125232516741584 -0.11627841839302284 -0.11627841839302284 -0.11627841848993523 -0.11627841905476749 -0.1162784200426677 -0.11627842038873769 -0.11627842043236283
0.1035175879396985 -0.0010290363518134721 -0.1542057566893863 -0.10597766429163753 -0.10597766429163753 -0.10597766441611016 -0.1059776651558946 -0.10597766655517216 -0.10597766708042793 -0.10597766714882065
0.107035175879397 -0.20815817288577093 -0.19659906048740208 -0.09564460030361879 -0.09564460030361879 -0.09564460045519849 -0.09564460136722674 -0.09564460317267023 -0.09564460387512395 -0.0956446039680052
0.11055276381909548 0.170498559142724 -0.18838582889984884 -0.08530098046683682 -0.08530098046683682 -0.08530098064473861 -0.08530098172430894 -0.08530098392678609 -0.0853009848029305 -0.08530098491981572
0.11407035175879397 -0.17169419405675554 -0.15064674691578725 -0.07496855881916162 -0.07496855881916162 -0.07496855902226879 -0.0749685602626862 -0.07496856284914377 -0.07496856389395223 -0.0749685640341515
0.11758793969849246 -0.07515544417392574 -0.1043987863864003 -0.0646693595710774 -0.0646693595710774 -0.06466935979793834 -0.06466936119049527 -0.06466936414391791 -0.06466936535082735 -0.064669365513443
0.12110552763819096 0.060896418358224506 -0.06378723465373384 -0.05445454599338685 -0.05445454599338685 -0.054454546241877504 -0.054454547773776174 -0.05445455106873957 -0.05445455242782229 -0.054454552611501825
0.12462311557788945 -0.11208244560295297 -0.030039887402786136 -0.04443005738277955 -0.04443005738277955 -0.04443005764946889 -0.0444300592999157 -0.044430062894227504 -0.044430064388754194 -0.04443006459122579
0.12814070351758794 -0.09122838183817991 -0.0029584861558991857 -0.034707880152661005 -0.034707880152661005 -0.034707880432741 -0.0347078821725153 -0.03470788600629233 -0.034707887612352675 -0.03470788783037389
0.13165829145728644 -0.07389431818056402 0.017655227564584784 -0.02540000071643679 -0.02540000071643679 -0.025400001003722396 -0.02540000279517653 -0.025400006790844733 -0.025400008477347424 -0.025400008706705224
0.13517587939698494 0.07495095403482359 0.0320256340149893 -0.016614376127655418 -0.016614376127655418 -0.01661437641454986 -0.016614378211391535 -0.016614382273192965 -0.01661438400165556 -0.01661438423713767
0.13869346733668342 0.2522291556852871 0.04091572058439963 -0.008375881732939263 -0.008375881732939263 -0.008375882009718148 -0.00837588375252355 -0.008375887756350054 -0.008375889476566702 -0.008375889711371398
0.14221105527638192 0.03081696777740127 0.045594640547379245 -0.0006313153281405299 -0.0006313153281405299 -0.0006313155822790517 -0.0006313171942762073 -0.0006313209781154639 -0.0006313226240855325 -0.0006313228492669893
0.14572864321608042 -0.0809706980478477 0.0473511728574289 0.006675552608587228 0.006675552608587228 0.006675552392440356 0.006675551005535078 0.006675547641969993 0.006675546152199768 0.006675545947753
0.1492462311557789 0.08944711387748469 0.04747409646804949 0.01360095159909044 0.01360095159909044 0.013600951439112987 0.01360095038909488 0.0136009476843655 0.013600946448701013 0.013600946278265996
0.1527638190954774 -0.018733909255127135 0.04716377854776136 0.020215044712722834 0.020215044712722834 0.020215044629956457 0.02021504404639172 0.020215042278093252 0.02021504141076031 0.02021504128983076
0.1562814070351759 0.04499611822696566 0.046936341488913666 0.026695830836171396 0.026695830836171396 0.02669583085481099 0.026695830887043186 0.026695830377679246 0.026695830012066022 0.026695829958747246
0.15979899497487438 0.17119191865424171 0.04698873516181862 0.033271609904787065 0.033271609904787065 0.03327161005231577 0.03327161087040175 0.03327161199012468 0.033271612280107596 0.03327161231530072
0.16331658291457288 -0.013483858502437412 0.047516115959557376 0.04017096450289363 0.04017096450289363 0.0401709648100836 0.040170966604798755 0.04017096977142501 0.04017097089137617 0.04017097103877919
0.16683417085427138 0.07072321360977891 0.04871364262432237 0.04762247740675051 0.04762247740675051 0.04762247790766281 0.04762248089050075 0.04762248656951022 0.04762248871429718 0.04762248900040492
0.17035175879396985 -0.00848578414959883 0.05080147783844988 0.055856774356801774 0.055856774356801774 0.055856775088179156 0.055856779487698 0.055856788185005696 0.05585679156717894 0.055856792020905516
0.17386934673366836 0.07425692602616911 0.054086515820733344 0.06511156755353133 0.06511156755353133 0.06511156855269183 0.06511157460184054 0.06511158683872359 0.06511159167876075 0.06511159233013006
0.17738693467336686 0.12729077104930225 0.05889444367996537 0.07562610468346925 0.07562610468346925 0.07562610598784977 0.07562611392122211 0.07562613022888692 0.07562613675307896 0.07562613763294088
0.18090452261306533 0.01573660531721545 0.06555094852493847 0.08763963343314563 0.08763963343314563 0.08763963508030193 0.08763964513413634 0.08763966605371869 0.08763967449416982 0.08763967563420026
0.18442211055276383 0.09505155412064348 0.0743837516261471 0.10139076579284957 0.10139076579284957 0.10139076782039941 0.10139078023223076 0.10139080631405895 0.10139081690838622 0.10139081834104646
0.18793969849246234 0.12106505769981867 0.08586648114534634 0.1170725163639034 0.1170725163639034 0.1170725188054509 0.11707253378911514 0.11707256553986575 0.11707257850964566 0.11707258026526593
0.1914572864321608 0.09819026611714769 0.10071382312770921 0.13480256670490115 0.13480256670490115 0.13480256958330322 0.13480258728764224 0.13480262508303417 0.1348026405981936 0.13480264270015477
0.19497487437185929 0.06208073158973455 0.11966304494282626 0.1546915414806611 0.1546915414806611 0.15469154480739652 0.1546915653123898 0.15469160938900572 0.1546916275644863 0.15469163002876846
0.19849246231155782 0.05930971456040729 0.14345141396028838 0.17685006535600167 0.17685006535600167 0.17685006913117124 0.17685009244793573 0.1768501429032222 0.17685016379898016 0.17685016663416278
0.2020100502512563 0.20846103083693565 0.17273796434755215 0.20138434067205468 0.20138434067205468 0.20138434488375492 0.20138437095067102 0.20138442773451093 0.20138445135201527 0.2013844545588018
0.20552763819095476 0.22115566198324504 0.2068676569549946 0.22832628855179704 0.22832628855179704 0.2283262931656015 0.22832632178323986 0.22832638455639814 0.2283264107798081 0.2283264143430428
0.2090452261306533 0.49739697243327463 0.24409507737826203 0.2576461939818386 0.2576461939818386 0.25764619893206975 0.2576462297091958 0.25764629772586206 0.2576463262732181 0.25764633015526195
0.21256281407035177 0.059000003510223276 0.28264180658084914 0.2893124762809828 0.2893124762809828 0.28931248147044786 0.2893125138223872 0.2893125859266206 0.28931261634836697 0.2893126204888973
0.21608040201005024 0.3440443230910666 0.32072942552625217 0.32329355476803423 0.32329355476803423 0.3232935600680253 0.323293593216664 0.32329366784239305 0.32329369952137793 0.32329370383738804
0.21959798994974877 0.40224039569847114 0.35691641460247503 0.35955246948431174 0.35955246948431174 0.359552474733153 0.3595525076978067 0.3595525828479593 0.3595526149904944 0.3595526193750748
0.22311557788944725 0.535752343960902 0.392000961571647 0.39801649903440345 0.39801649903440345 0.3980165040277947 0.39801653556450867 0.39801660867226807 0.3980166402486933 0.3980166445629269
0.22663316582914575 0.48676277275234314 0.4276949254351637 0.43859833342235677 0.43859833342235677 0.4385983379094339 0.43859836648622075 0.4385984343584261 0.43859846407886344 0.4385984681485194
0.23015075376884422 0.391150623550352 0.46571286038981574 0.4812106196179975 0.4812106196179975 0.48121062330132125 0.48121064709808786 0.4812107059150671 0.48121073222934907 0.4812107358448729
0.23366834170854273 0.5167705039282184 0.5077688767385428 0.5257659954856829 0.5257659954856829 0.5257659980212381 0.5257660149297825 0.525766060245338 0.5257660813430003 0.5257660842595129
0.23718592964824123 0.614383244938006 0.5549037532975795 0.5721632870302438 0.5721632870302438 0.572163288026811 0.5721632956455129 0.5721633223654583 0.5721633361641858 0.572163338099855
0.2407035175879397 0.5743161940441276 0.60612945203274 0.6202597037067197 0.6202597037067197 0.6202597027239812 0.6202596983418075 0.6202597006592938 0.6202597047701095 0.620259705401244
0.2442211055276382 0.7303675729145604 0.6600773514185084 0.6699046481679681 0.6699046481679681 0.6699046447161536 0.669904625309657 0.6699045966930409 0.669904588413776 0.6699045873739042
0.2477386934673367 0.5160560321961822 0.7153788299293677 0.7209475230668462 0.7209475230668462 0.7209475166067317 0.7209474788400513 0.7209474120328951 0.7209473883481882 0.7209473852280592
0.25125628140703515 0.9274788858271366 0.7706757829137894 0.7732374255605039 0.7732374255605039 0.7732374155037907 0.7732373557309072 0.7732372427563003 0.773237200339238 0.77323719468704
0.2547738693467337 0.954395241497397 0.8251451201338087 0.826607911628535 0.826607911628535 0.8266078973570876 0.8266078117365752 0.8266076441169597 0.82660757941251 0.8266075707450102
0.2582914572864322 0.8289509222001771 0.8787420841616258 0.8808699281243147 0.8808699281243147 0.8808699090181502 0.8808697936801142 0.8808695627570853 0.880869472103476 0.8808694599222275
0.2618090452261307 0.9799979720006027 0.9314832519785448 0.9358326402502608 0.9358326402502608 0.9358326156897536 0.9358324667489866 0.9358321637084925 0.935832043346777 0.935832027139396
0.26532663316582916 0.9812675733570736 0.98338520056587 0.9913052132087925 0.9913052132087925 0.9913051825746746 0.9913049961306559 0.9913046120029998 0.9913044580770556 0.9913044373172202
0.26884422110552764 0.9522103773770917 1.0345574711521717 1.0470955372924764 1.0470955372924764 1.0470954999722992 1.047095272148681 1.0470947978909906 1.0470946064808817 1.0470945806328407
0.2723618090452261 1.103359322117219 1.0864008643968626 1.1029937944875297 1.1029937944875297 1.1029937499654197 1.1029934774584822 1.1029929051002254 1.1029926726855865 1.1029926412667566
0.27587939698492464 1.2546444835867863 1.1412615219917477 1.1587772023919105 1.1587772023919105 1.1587771503142796 1.1587768307944601 1.158776154276084 1.1587758780753683 1.1587758407021647
0.2793969849246231 1.1767990556512928 1.2015072504873459 1.2142226814921298 1.2142226814921298 1.2142226216691812 1.2142222537902752 1.2142214689824269 1.2142211469606794 1.2142211033495662
0.28291457286432165 1.2376313975211293 1.2695058564341797 1.2691071522747013 1.2691071522747013 1.2691070846804298 1.2691066680795915 1.2691057727831168 1.2691054036519767 1.2691053536194656
0.2864321608040201 1.327724977185378 1.3463386683827385 1.3232114603322387 1.3232114603322387 1.3232113851366951 1.3232109206334857 1.323209915008525 1.323209498403496 1.3232094418901847
0.2899497487437186 1.437860767967672 1.4257107894651917 1.3763389564750155 1.3763389564750155 1.3763388742293046 1.3763383649669685 1.376337253993235 1.3763367914901097 1.3763367286985013
0.29346733668341707 1.580725456178996 1.4987031393221677 1.428300998023044 1.428300998023044 1.428300909725141 1.428300361576627 1.4282991559286828 1.4282986514051477 1.4282985828486812
0.2969849246231156 1.4464984089545183 1.5563934628613074 1.4789089519826 1.4789089519826 1.478908859077428 1.4789082806458826 1.478906996694197 1.4789064563302694 1.478906382833379
0.3005025125628141 1.6162485031044223 1.5898705345031343 1.5279741929798694 1.5279741929798694 1.5279740973594271 1.527973499978985 1.5279721597917195 1.5279715920705053 1.5279715147687252
0.3040201005025126 1.640487573924142 1.5958261212132485 1.575311966556757 1.575311966556757 1.575311870624358 1.5753112687621456 1.5753099010117073 1.5753093171046357 1.5753092374970823
0.3075376884422111 1.4841700973081484 1.5856543306316282 1.620747675598961 1.620747675598961 1.6207475824377973 1.6207469947488002 1.6207456370906526 1.6207450518683326 1.6207449719554268
0.31105527638190955 1.67661340024613 1.573131645181197 1.6641083688933531 1.6641083688933531 1.6641082822938085 1.6641077317918036 1.6641064312499285 1.664105863445949 1.6641057857517318
0.314572864321608 1.7508641835207395 1.572034547284879 1.7052210952268037 1.7052210952268037 1.7052210196864552 1.705220533744008 1.7052193467109087 1.7052188189218385 1.7052187464939705
0.31809045226130656 1.8024237243491588 1.5958706435418166 1.743911627002452 1.743911627002452 1.743911567727217 1.7439111780833603 1.743910170340781 1.743909709035849 1.7439096454469505
0.32160804020100503 1.8777065537186013 1.6479831806644865 1.7799574852655817 1.7799574852655817 1.7799574482131078 1.7799571912635541 1.7799564387658449 1.7799560746528562 1.7799560240510988
0.32512562814070356 1.67597139154659 1.7186758856419164 1.8130742909969895 1.8130742909969895 1.8130742829323183 1.813074200101763 1.813073789980832 1.8130735584755926 1.813073525649607
0.32864321608040203 1.9154522197921284 1.7973973694959886 1.8429736058459432 1.8429736058459432 1.842973634345161 1.8429737721116983 1.842973802742914 1.8429737440000133 1.8429737343831467
0.3321608040201005 1.8695871487654672 1.873596243248591 1.8693669914617146 1.8693669914617146 1.8693670649119514 1.869367474807074 1.869368055809265 1.869368214722078 1.869368234392392
0.335678391959799 1.815452239165187 1.9372612304303938 1.8919712781544513 1.8919712781544513 1.8919714057229737 1.8919721441493795 1.891973396051462 1.8919738221303386 1.891973877794463
0.3391959798994975 2.0292199959133663 1.9846598624866996 1.9105645444170345 1.9105645444170345 1.9105647356919377 1.9105658618055301 1.910567912171037 1.9105686581272714 1.9105687569326786
0.342713567839196 2.0629376767651193 2.0161105146786986 1.924964383698943 1.924964383698943 1.924964648457339 1.9249662228007762 1.9249692037275543 1.9249703245598182 1.9249704739737128
0.3462311557788945 1.9318361525024856 2.031999076331182 1.9349890480322671 1.9349890480322671 1.9349893962364222 1.934991480716342 1.9349955287948783 1.9349970817739948 1.934997289581294
0.349748743718593 2.0842330022531983 2.032711436768941 1.9404567894490965 1.9404567894490965 1.940457231246431 1.9404598891334515 1.9404651454468766 1.940467190115818 1.940467464419153
0.35326633165829147 1.9597157051774814 2.0190580440371724 1.9412302275610296 1.9412302275610296 1.9412307729833636 1.9412340670979225 1.9412406735997663 1.941243270354549 1.9412436193836347
0.35678391959798994 1.9974657352831309 1.9939547477554194 1.937392002361433 1.937392002361433 1.9373926598335418 1.9373966435494077 1.9374047251007807 1.9374079281530565 1.9374083593193552
0.3603015075376884 1.8690141132666866 1.960968825602619 1.9290928299067238 1.9290928299067238 1.929093605784873 1.9290983202455585 1.9291079790573111 1.9291118342569396 1.9291123538611656
0.363819095477387 2.1206176007610344 1.923667748502461 1.9164834464479394 1.9164834464479394 1.9164843450197475 1.9164898191376845 1.916501134768759 1.9165056796031594 1.9165062928351944
0.3673366834170855 1.6748373197264403 1.8856159107086896 1.8997146243928766 1.8997146243928766 1.8997156478724468 1.899721898299207 1.899734927594156 1.8997401911629561 1.8997409020984197
0.37085427135678395 1.9057388732700475 1.8496388730308513 1.8789458188558328 1.8789458188558328 1.8789469662149658 1.8789539901897738 1.878968752274694 1.8789747492016504 1.878975559978969
0.3743718592964824 1.9541738352238076 1.816869066347817 1.8543563824670837 1.8543563824670837 1.8543576467568461 1.854365405718052 1.8543818476168745 1.8543885640982674 1.854389473032819
0.3778894472361809 1.6469852924630688 1.7882027390469926 1.826128443453043 1.826128443453043 1.8261298114301412 1.8261382287291084 1.8261562205672561 1.8261636124257183 1.8261646137467653
0.38140703517587937 1.79319040493117 1.7645361395157844 1.7944441300401244 1.7944441300401244 1.7944455821669056 1.794454543068011 1.7944738780723988 1.794481870756914 1.7944829546076044
0.38492462311557796 1.7626227930928327 1.7466655536264222 1.7594851203153627 1.7594851203153627 1.7594866306678334 1.7594959817784106 1.7595163750302585 1.7595248630960025 1.7595260154627275
0.38844221105527643 1.8077114223602198 1.7324791144459986 1.721419996716004 1.721419996716004 1.721421530307878 1.7214310629938674 1.7214521151450186 1.7214609471206765 1.7214621477779013
0.3919597989949749 1.801952479759365 1.7165718758695307 1.680402512674601 1.680402512674601 1.6804040224271586 1.680413454033637 1.6804346102203234 1.6804435714724257 1.6804447916554999
0.3954773869346734 1.5859439700376012 1.6933615709111307 1.6365856231332867 1.6365856231332867 1.63658704971221 1.636596022552181 1.6366165701826738 1.6366253819928995 1.6366265842727459
0.39899497487437185 1.4347240048759757 1.657265932584914 1.5901222830341957 1.5901222830341957 1.5901235548495705 1.5901316362039637 1.5901507049585724 1.5901590245237505 1.5901601628068636
0.40251256281407033 1.6547183451587315 1.603452116109354 1.5411738794205407 1.5411738794205407 1.541174912394946 1.541181593017845 1.5411981511779327 1.5412055699731693 1.541206589276889
0.4060301507537689 1.5829175291916648 1.5344496004385788 1.4899846362965492 1.4899846362965492 1.4899853315867786 1.48999001102078 1.4900028294049974 1.4900088571030525 1.4900096913478265
0.4095477386934674 1.356716776329452 1.4569666427382446 1.4368457950620757 1.4368457950620757 1.4368460377660122 1.436848016007374 1.4368556475022434 1.436859702846335 1.4368602736026341
0.41306532663316586 1.3787843283038301 1.3777594631950827 1.382049136771441 1.382049136771441 1.382048795913213 1.382047273316192 1.3820480526411623 1.3820494633402063 1.3820496798141415
0.41658291457286434 1.3219793049553246 1.3035842819958243 1.325886442478966 1.325886442478966 1.3258853710089489 1.325879448285797 1.3258714919932468 1.3258694947218572 1.3258692537551788
0.4201005025125628 1.2801563351606462 1.2395167983614668 1.268652065426358 1.268652065426358 1.2686501012809182 1.268638785657778 1.26862000273057 1.268613746790788 1.268612933340805
0.4236180904522613 1.1836324631931072 1.1834127451817427 1.2106514096584378 1.2106514096584378 1.2106483803128807 1.2106306119771373 1.2105987493585526 1.2105873124116087 1.2105858016130493
0.42713567839195987 1.2438043662608322 1.1311893103696877 1.1521928463361966 1.1521928463361966 1.152188570027223 1.1521632292285608 1.1521158840469838 1.1520982763372416 1.152095934055859
0.43065326633165835 0.8697789714065722 1.0787636574550485 1.0935847466579514 1.0935847466579514 1.0935790323836732 1.0935449394341652 1.0934795590032385 1.093454723358247 1.0934514061908254
0.4341708542713568 1.0888731518476116 1.0220698406129598 1.0351352735533055 1.0351352735533055 1.0351279211521969 1.035083836900713 1.0349977196534401 1.0349645318460956 1.0349600871690074
0.4376884422110553 0.9650681513851633 0.9593493113043952 0.9771241387800664 0.9771241387800664 0.9771149497164096 0.9770596403566454 0.9769500634513499 0.9769073816740135 0.9769016542764187
0.44120603015075377 0.8487696785114992 0.89347412520609 0.9197739568129383 0.9197739568129383 0.9197627558216104 0.9196951229521895 0.9195595983587568 0.919506362510472 0.9194992079061666
0.44472361809045224 0.932726475895501 0.8278698106630145 0.8633005175775668 0.8633005175775668 0.8632871552511342 0.8632062514210332 0.8630425565296003 0.8629778000833924 0.8629690861019053
0.4482412060301507 0.5275043980040013 0.765961896020139 0.8079196109995996 0.8079196109995996 0.807903963788316 0.8078089924968649 0.8076151701178215 0.8075380201206963 0.8075276269072904
0.4517587939698493 0.8262602721917613 0.7110560777797497 0.7538449963875619 0.7538449963875619 0.7538269677993024 0.7537172907967176 0.7534916641845131 0.7534013472728573 0.7533891680997364
0.4552763819095478 0.6988394827920813 0.6637019200624253 0.7012437288562221 0.7012437288562221 0.7012232770549448 0.7010985822545897 0.7008401006553133 0.7007360814090874 0.7007220413331674
0.45879396984924625 0.49902789007699155 0.621692854607028 0.650236159326582 0.650236159326582 0.6502133247307895 0.6500737941214358 0.6497823783203952 0.6496644976173256 0.6496485721380056
0.4623115577889447 0.6098300904589449 0.5827024813097377 0.600940608102525 0.600940608102525 0.6009155145851977 0.6007618315315582 0.6004383888770877 0.6003068699080669 0.600289085778437
0.4658291457286432 0.4924250139010474 0.5444044000667357 0.5534753954879347 0.5534753954879347 0.5534482503765303 0.5532815996192592 0.5529280240227197 0.5527834722918062 0.552763907518647
0.4693467336683417 0.7398523007278375 0.504691683220764 0.5079552467996193 0.5079552467996193 0.5079263477776587 0.5077484579412914 0.5073677210305063 0.5072111618841884 0.5071899508136319
0.47286432160804026 0.6255458363344916 0.46329360947961185 0.4644648100565214 0.4644648100565214 0.46443460290538424 0.4642481021391116 0.4638450158894963 0.4636782085035895 0.46365558437007137
0.47638190954773874 0.4489785553078454 0.4208544261783901 0.4230737459730742 0.4230737459730742 0.4230428533443287 0.42285144653527584 0.42243304328352693 0.42225863712062267 0.4222349532487232
0.4798994974874372 0.2980788742691658 0.3780250784197401 0.3838516055534079 0.3838516055534079 0.38382082717942984 0.38362929724989553 0.3832048324757738 0.38302636843054105 0.3830020983901875
0.4834170854271357 0.27893083217739995 0.335456512007656 0.34686793969282265 0.34686793969282265 0.34683825238697646 0.3466524602955729 0.34623341262453056 0.34605532302484665 0.3460310606314676
0.48693467336683416 0.27417108832748677 0.29385543228801686 0.3121836468146144 0.3121836468146144 0.3121562188516497 0.31198319423444837 0.31158347432166866 0.31141117284059416 0.3113876444300821
0.49045226130653263 0.22214272493908285 0.2541362168659985 0.27982739985476995 0.27982739985476995 0.2798036445295365 0.279651923286261 0.2792886517897012 0.2791288683159299 0.2791069784618252
0.4939698492462312 0.16145848158570042 0.21726158118794225 0.24982037093769643 0.24982037093769643 0.24980195903148245 0.2496816619021455 0.24937535056371526 0.24923620914609435 0.24921705130072724
0.4974874371859297 0.1680612804178051 0.18419424070019275 0.22218373218780346 0.22218373218780346 0.22217259196833597 0.2220954245332396 0.22186997617880055 0.22176099502633081 0.22174585152082116
0.5010050251256282 0.17689896827499102 0.15589336055502778 0.19693807855532794 0.19693807855532794 0.1969363955856429 0.19691564729152544 0.19679835516835373 0.19673044676161894 0.19672078882989807
0.5045226130653266 0.13198858940161778 0.13300878653444126 0.17405371869092554 0.17405371869092554 0.1740639191772166 0.17411437849030142 0.17413586854347995 0.17412134934294896 0.1741188392146485
0.5080402010050251 0.09469387984862881 0.11564539428167586 0.1534123650101209 0.1534123650101209 0.15343708646337156 0.15357489138291713 0.15376902055578032 0.15382162810624714 0.15382812269402685
0.5115577889447236 0.054166377564670576 0.10385258609523147 0.1348867115820283 0.1348867115820283 0.13492879983161488 0.13517142267345997 0.13557526855544025 0.1357101632271112 0.13572771450199783
0.5150753768844222 0.3861378014405197 0.09767976427360794 0.11834945247576192 0.11834945247576192 0.11841196166945321 0.11877820906601697 0.11943206989264488 0.11966583488113866 0.11969668987252571
0.5185929648241207 -0.030741294482207457 0.09710251040425055 0.10367181459689945 0.10367181459689945 0.10375799606706045 0.10426794303544216 0.10521521483608362 0.10556581057589848 0.10561240530998682
0.5221105527638191 0.0012681705022513645 0.10072545954646495 0.09069777771766381 0.09069777771766381 0.09081087321218648 0.09148463871310757 0.09276953378481018 0.0932554513481744 0.09332029827693289
0.5256281407035176 0.1347431484184562 0.10594254948105944 0.07924725938062885 0.07924725938062885 0.07939031846299535 0.08024698408403996 0.08191251615182324 0.08255202960632779 0.08263761819482626
0.5291457286432161 0.04841018707424894 0.11010610245032619 0.06913935003255954 0.06913935003255954 0.06931522380529834 0.07037279659259722 0.07246071155296616 0.07327185226270487 0.0733806455719827
0.5326633165829145 0.11349856966497424 0.11056844069655736 0.0601931401202209 0.0601931401202209 0.060404481224906714 0.061679893683137255 0.06423066960408232 0.0652312262296519 0.06536566091671805
0.5361809045226131 0.1423806970093593 0.10498784174415163 0.05224199886653127 0.05224199886653127 0.05249115514428279 0.05399962071283047 0.057051158912647754 0.05825815823001664 0.05842057465059993
0.5396984924623116 0.1809880087575777 0.09321589576473138 0.045221656271151114 0.045221656271151114 0.04550990844281165 0.047260301074522115 0.050838542811421285 0.05226452783946138 0.052456668973079934
0.5432160804020101 0.12302667764129956 0.07606129179633456 0.03911250964713413 0.03911250964713413 0.03943973865872019 0.04143257660030353 0.04554740846430412 0.04719881434616602 0.0474216071413684
0.5467336683417086 -0.05767661101776373 0.05433670445364373 0.03389514231235295 0.03389514231235295 0.03425982794980526 0.036487265345840555 0.04113250220789563 0.04300964944781045 0.043263203911647646
0.550251256281407 0.14717906726477228 0.02885507738441763 0.029550137263662922 0.029550137263662922 0.029949358026186933 0.03239518414155281 0.03754856750396171 0.039645661292875195 0.039929270399627084
0.5537688442211055 -0.14503141498718594 0.0013362647360041086 0.026056995348916222 0.026056995348916222 0.026486001479770184 0.02912301951302923 0.03474065675097315 0.037043513678924736 0.03735534568698165
0.5572864321608041 0.015782878326390134 -0.023568763979958902 0.023391719933499734 0.023391719933499734 0.023842553464621365 0.026624108928863514 0.0326225010378187 0.035101201876905075 0.035437305903500714
0.5608040201005026 -0.026315808427502727 -0.040617973583602765 0.021529609107997838 0.021529609107997838 0.021990825589058422 0.024849097991819537 0.031101515444470176 0.033708923566850915 0.034063029060085084
0.564321608040201 -0.0858426065484889 -0.044569328895061384 0.020445960962994624 0.020445960962994624 0.020902629461399036 0.023748632304660924 0.03008511505089921 0.032756876428796745 0.03312039316763538
0.5678391959798995 0.07654996865286103 -0.030282239377587332 0.020115409488624014 0.020115409488624014 0.020549153912641324 0.023272980911153585 0.029480845931673997 0.0321356022003952 0.03249764959165519
0.571356783919598 -0.003430742358843242 0.0012972069183990742 0.020472742648001772 0.020472742648001772 0.02086422113460279 0.023349819315194205 0.029204113837151165 0.031756286076381146 0.03210545097381981
0.5748743718592965 0.11471665350899538 0.039788570132366904 0.021390987062365578 0.021390987062365578 0.02172373502837098 0.023871803033882193 0.029182507015159464 0.031562110609966956 0.03188917193387081
0.578391959798995 -0.13739167884334288 0.07399985325883024 0.02273785654935073 0.02273785654935073 0.022998617276476077 0.02472857511233442 0.029344661670299435 0.0314990108153093 0.03179717392837262
0.5819095477386935 0.09386340075212761 0.09273905929229986 0.024381064926592415 0.024381064926592415 0.024559789561448154 0.02580977859566769 0.029619214007171633 0.031512921706564875 0.03177781841388973
0.585427135678392 0.05762672705585503 0.08571428083810495 0.026189908197503685 0.026189908197503685 0.02627983962792293 0.027007168143655228 0.02993702234702959 0.031551653647543865 0.031781279501277404
0.5889447236180905 0.01927935390442363 0.05635892576183371 0.02805780885061549 0.02805780885061549 0.028056760721685337 0.028244698073213934 0.03026282969465297 0.03159161389386435 0.0317853721621461
0.592462311557789 -0.1362847576787421 0.01880534229053446 0.029896996070007353 0.029896996070007353 0.029808349782387715 0.029471422467998824 0.030587792306636646 0.0316315010973108 0.0317894575340887
0.5959798994974874 -0.020464568702235755 -0.012531104372236729 0.03162019652959729 0.03162019652959729 0.03145292761292244 0.030637059370884547 0.03090376514415895 0.03167060357960995 0.031793466711212054
0.599497487437186 -0.15070841612157554 -0.0232350490229236 0.03314013690330336 0.03314013690330336 0.03290881501618188 0.031691326824745784 0.031202603168398207 0.03170820966248856 0.031797330787623035
0.6030150753768844 -0.20494760023359157 -0.0021925123884367487 0.0343748186255034 0.0343748186255034 0.03409888768513231 0.03258494662832925 0.03147465461268978 0.031742883973646684 0.03180042971998756
0.606532663316583 0.3307477396580711 0.04133665403898175 0.03527479524026579 0.03527479524026579 0.034974130888984364 0.03327483505527819 0.03170096924641247 0.03176872501051797 0.0317987422325236
0.6100502512562814 0.09939853939324485 0.09032822815283809 0.03580302574681447 0.03580302574681447 0.035496242323604044 0.033720269064342376 0.03185905323827737 0.031778129249399295 0.031786950855838
0.6135678391959799 0.18118269951228264 0.12774270365252044 0.035922493564560815 0.035922493564560815 0.03562694077231157 0.033880530261289635 0.03192640578140373 0.031763489816152166 0.031759735568975406
0.6170854271356784 -0.04130542853103936 0.13655043090673677 0.035596234197002447 0.035596234197002447 0.03532799643599299 0.03371494570556735 0.03188054674871495 0.03171720638041329 0.03171178085074026
0.6206030150753769 0.07094068469977775 0.10786912543827945 0.0348303350199852 0.0348303350199852 0.03460368045282076 0.03322041374089282 0.03171608960835348 0.031637087591651035 0.03164149060939231
0.6241206030150753 0.07083218791913931 0.05571764597721629 0.0337518964086918 0.0337518964086918 0.03357772835624496 0.0324994405173446 0.03147569561626018 0.03153614601119835 0.03155772356710907
0.6276381909547739 0.06104975304710603 -0.0018909897774264939 0.032509124460071204 0.032509124460071204 0.032394711311437216 0.03167295110684948 0.031210405981325684 0.031430045895126164 0.0314711618567336
0.6311557788944724 0.001103843333473363 -0.04694376412661684 0.03125022527107248 0.03125022527107248 0.031199200483569257 0.0308618705813343 0.03097126191244065 0.03133445149950543 0.031392487611108966
0.6346733668341709 -0.02222003604975934 -0.061739112778027766 0.0301222011259267 0.0301222011259267 0.030134564293526497 0.0301859284526174 0.030808661103935136 0.031264815733407975 0.031332235817288445
0.6381909547738693 -0.20646687066610442 -0.04216566784375311 0.02921952622306271 0.02921952622306271 0.029291689697158917 0.02971268624739426 0.030744921643111656 0.03122736942913433 0.031294520790273506
0.6417085427135678 0.06141754317942835 -0.00267517112110173 0.0285649256419648 0.0285649256419648 0.028689778211570573 0.029438448241833986 0.030764007143970172 0.031215746807608892 0.03127468672607675
0.6452261306532663 0.04267762356807816 0.04094418415801217 0.02817595888293514 0.02817595888293514 0.02834287035934054 0.0293543885449997 0.030847119889476242 0.031222675196480608 0.03126744641582745
0.6487437185929649 0.11205477457464608 0.07290420476167492 0.0280701854462759 0.0280701854462759 0.028265006663047883 0.029451681265954537 0.030975462162595432 0.03124088192339846 0.0312675126506549
0.6522613065326633 -0.027208815083080498 0.0786315412074655 0.028264311875621586 0.028264311875621586 0.028469558341521907 0.029722072113924212 0.03113130853412451 0.0312634533194598 0.03126983621466123
0.6557788944723618 0.17435513694884086 0.058969194529545105 0.028764220706194332 0.028764220706194332 0.028961403158188632 0.030164560396357107 0.0313105408927294 0.03128803146459759 0.0312723880195094
0.6592964824120603 -0.0446100058476197 0.0253571361366198 0.029568354210596615 0.029568354210596615 0.02973958060137842 0.030783131436386148 0.031518394595277284 0.03131538999283035 0.03127521496769139
0.6628140703517588 -0.1254301722948955 -0.010556356021195201 0.030675008406858294 0.030675008406858294 0.03080301539540421 0.031581868568146085 0.0317602888614322 0.0313463640956952 0.03127840476982209
0.6663316582914572 0.09390657222455417 -0.03712300399378497 0.0320824793130092 0.0320824793130092 0.032150632264578934 0.03256485512577166 0.03204164291085817 0.03138178896472925 0.031282045136516404
0.6698492462311558 -0.046762507952890275 -0.044568859435817454 0.03376931818982819 0.03376931818982819 0.0337625610286443 0.03372276180908715 0.03236410548535515 0.031422036600991306 0.03128617636636749
0.6733668341708543 -0.12541451565313733 -0.03311166195491222 0.03560882082293315 0.03560882082293315 0.03551873951277351 0.034974759163239694 0.032709225639797446 0.03146500982684818 0.031290586013667215
0.6768844221105528 0.012528120284709184 -0.006285230726272132 0.037439350408754 0.037439350408754 0.03726585344023403 0.036216287988900926 0.03305188166817869 0.03150779198420972 0.03129497775096322
0.6804020100502512 0.07568652487636422 0.03237442894910398 0.03909924711440754 0.03909924711440754 0.03885056661284165 0.037342773442905965 0.03336694746679268 0.031547465874743205 0.031299055195504064
0.6839195979899497 0.024172706852451285 0.07932703135760352 0.04042695963247134 0.04042695963247134 0.04011964297144519 0.03824969139442233 0.033629272707358014 0.03158107435269187 0.03130248048279727
0.6874371859296482 0.049765262789852514 0.12958123090954662 0.041297726786713326 0.041297726786713326 0.04095379358908438 0.03884970919330695 0.03380549493058761 0.03159211809555309 0.03129085343813413
0.6909547738693468 0.41088714165078694 0.17458865913321345 0.04167697205877518 0.04167697205877518 0.04131694507523153 0.03909763613765525 0.03384212105517177 0.03153090147145595 0.03121530255999263
0.6944723618090453 0.08212613653049736 0.2052658959801586 0.041543684612890874 0.041543684612890874 0.04118554141848539 0.03895462056711482 0.03368262992789602 0.03134273542052592 0.031021771129219423
0.6979899497487437 0.15318704331938465 0.21252952140194137 0.040876853613294434 0.040876853613294434 0.040536026607444736 0.03838181082133324 0.03327050039554592 0.030972930882888473 0.03065620242666115
0.7015075376884422 -0.1985759675642492 0.18761987709672462 0.039658018113214684 0.039658018113214684 0.039347399921530635 0.03734292751706944 0.03255154120290139 0.030368873506896862 0.03006657335417894
0.7050251256281407 0.036512066845038965 0.13247343357644015 0.037952957943042764 0.037952957943042764 0.03768307987770117 0.03588667168527946 0.03154853402107596 0.02954649115346745 0.029268045626408994
0.7085427135678392 0.07741342789738473 0.06191717533822398 0.03592897629129714 0.03592897629129714 0.03570822342380267 0.03416415909376005 0.03037702497836764 0.02860431580740156 0.028356749202083087
0.7120603015075377 -0.03644385440107883 -0.008454477869577759 0.033759420527817226 0.033759420527817226 0.03359404449333428 0.03233260275975701 0.02915808292424632 0.027645797280410795 0.027433634474930225
0.7155778894472362 -0.08759480865938665 -0.06304710629861181 0.03161763802244269 0.03161763802244269 0.031511757019795326 0.03054921570051635 0.028012776708182023 0.026774385384206886 0.02659965183867955
0.7190954773869347 0.03965444009054385 -0.08769531629437985 0.029668432292451155 0.029668432292451155 0.02962404861903801 0.028962847562011895 0.027054246625574124 0.02608581297602691 0.025948064537577885
0.7226130653266332 -0.031459876051670305 -0.08348870984237028 0.027985400379507377 0.027985400379507377 0.028002587618260813 0.027633068170318676 0.026310994868782557 0.02559343365679488 0.025490074730815583
0.7261306532663316 -0.05937412319346627 -0.06075039317388663 0.026586934105970024 0.026586934105970024 0.02666395042539401 0.026565408293385676 0.025760294098398372 0.025260738724561374 0.02518721485658359
0.7296482412060301 0.11495115684753986 -0.029932201468864363 0.025490655650338777 0.025490655650338777 0.02562394538408195 0.025764645313345158 0.025378702758222592 0.02505052432181585 0.02500032488239299
0.7331658291457287 0.13355745801582775 -0.0014859699072381147 0.02471418719111326 0.02471418719111326 0.02489838083796892 0.02523555661232936 0.025142779292056203 0.024925586591047745 0.0248902447757548
0.7366834170854272 0.030263575244408668 0.016264150456967476 0.024264570809737998 0.024264570809737998 0.024492621287545306 0.024974506452568136 0.025028659824407676 0.02485264207861848 0.024822361941998508
0.7402010050251256 -0.04542229726896142 0.02481353677133429 0.024100020117235693 0.024100020117235693 0.02436383159166536 0.024939031496301712 0.025010531423460512 0.024816500484809125 0.024783050780415324
0.7437185929648241 0.051437442293426505 0.0284884499129703 0.024164671905497155 0.024164671905497155 0.024455281075866996 0.025075474749740156 0.025062019261579506 0.02480718760725241 0.024764736056313855
0.7472361809045226 0.08294612361210063 0.03161541671949919 0.024402661643901067 0.024402661643901067 0.02471023776020772 0.025330178167453546 0.02515674845833952 0.024814729733631552 0.024759843103432454
0.7507537688442211 0.06306240861504671 0.03850468775763588 0.024758182702529566 0.024758182702529566 0.025072029264554846 0.025649548818618396 0.025268383914148398 0.024829169255673793 0.024760809654181423
0.7542713567839197 -0.1453362753322646 0.05056994019718056 0.0251857326322089 0.0251857326322089 0.02549458976752232 0.025991581760703195 0.025377670044318235 0.02484341448849782 0.024762279945369062
0.7577889447236181 -0.03380165776694699 0.06301515244380598 0.02566189917436782 0.02566189917436782 0.025954591878868404 0.02633911447935445 0.02548052838862075 0.02485651773824319 0.024763628536759737
0.7613065326633166 0.035913423116129634 0.07024194302986767 0.026166124360668265 0.026166124360668265 0.026431646258235204 0.026678194369150362 0.02557484153455663 0.024868325180775586 0.024764841196724195
0.7648241206030151 0.062222108702906294 0.06665193048772079 0.026677850222772158 0.026677850222772158 0.026905363565264802 0.026994868824669102 0.025658492069626518 0.024878682991960666 0.02476590369363319
0.7683417085427136 0.09607824465518917 0.046980571800917505 0.027177219106122787 0.027177219106122787 0.027356029949004122 0.027275671881839485 0.02572947044445641 0.024887448463685007 0.024766802901921063
0.771859296482412 0.07583707205000403 0.014573351447827704 0.02766243514889794 0.02766243514889794 0.02778135310573935 0.02751968854366372 0.02578854900753704 0.024894765581129744 0.02476755422250783
0.7753768844221106 -0.11343182059111435 -0.01806238363853281 0.028150921900690497 0.028150921900690497 0.028197578862982117 0.02773935919837 0.025839460302970033 0.024901083397553113 0.02476820341112227
0.7788944723618091 -0.07074206823707317 -0.03797494754660187 0.028661035028736265 0.028661035028736265 0.028621852124641835 0.027947771953824176 0.0258860804406768 0.024906865761637163 0.02476879769566381
0.7824120603015076 -0.12214290135361422 -0.03221265436482085 0.0292111302002711 0.0292111302002711 0.02907131779462794 0.02815801491789211 0.025932285530578764 0.024912576522063933 0.024769384304031868
0.785929648241206 0.1804476753247961 0.008897257820165913 0.02981709059653706 0.02981709059653706 0.029560814516069577 0.028381475032868454 0.025981450375545667 0.02491861856956591 0.024770004240744006
0.7894472361809045 0.018040988898468394 0.0653263835326547 0.03047240311255311 0.03047240311255311 0.030084290348015578 0.028614129733717287 0.02603240883615561 0.024924842625241864 0.024770642137646296
0.792964824120603 0.055316433433025995 0.10124626437108261 0.0311586405490862 0.0311586405490862 0.03062458023972356 0.02884375909978381 0.026081579139701917 0.02493080567394368 0.024771252638161052
0.7964824120603015 0.10330291099344001 0.08068194642042253 0.03185726524136475 0.03185726524136475 0.03116441610150989 0.02905806720586903 0.026125357116120126 0.02493606197704866 0.024771790107662797
0.8 -0.03290024025961452 -0.03234152423435804 0.03254973952461723 0.03254973952461723 0.03168652984369098 0.02924475812677399 0.026160138595345776 0.02494016579593414 0.02477220891152608
