x1 x2 y
-0.0063 -0.000134247491638796 -11.346065844926798
-0.0063 -5.59866220735786e-05 -9.152295407798304
-0.006274749498997996 1.1438127090301004e-05 -4.512567368421986
-0.006274749498997996 2.1070234113712377e-05 -3.828506553236253
-0.006249498997995992 -0.0001294314381270903 -11.23255774408055
-0.0062242484969939876 -0.00016795986622073582 -11.4
-0.0062242484969939876 -0.00013906354515050168 -11.4
-0.0062242484969939876 0.00011979933110367893 1.3081621477935959
-0.006198997995991984 -0.00014989966555183947 -11.4
-0.006198997995991984 -0.00013906354515050168 -11.4
-0.006198997995991984 -9.57190635451505e-05 -10.378982073755814
-0.006198997995991984 -6.321070234113713e-05 -9.40019228729113
-0.006198997995991984 -2.4682274247491638e-05 -7.817935151712067
-0.006198997995991984 8.729096989966556e-05 -0.13546801267688072
-0.00617374749498998 -0.0001246153846153846 -11.116428724960443
-0.00617374749498998 -9.090301003344483e-05 -10.24522746198969
-0.00617374749498998 2.1070234113712377e-05 -3.8261847006398053
-0.006148496993987976 0.00014026755852842811 2.1499460556763945
-0.006123246492985972 -9.210702341137125e-05 -10.277877710967367
-0.006123246492985972 -3.551839464882943e-05 -8.340827106466808
-0.006123246492985972 0.00012220735785953177 1.4173478797249426
-0.0060727454909819635 -7.525083612040135e-05 -9.7843359785287
-0.0060727454909819635 -3.1906354515050165e-05 -8.175596943135115
-0.0060727454909819635 -1.8060200668896322e-06 -5.9998011558115545
-0.006022244488977956 2.8294314381270905e-05 -3.3430350025965194
-0.006022244488977956 0.00013665551839464883 2.017187584778865
-0.006022244488977956 0.00014267558528428096 2.256475971693723
-0.005996993987975952 -4.2742474916387966e-05 -8.645684755472764
-0.005996993987975952 7.82608695652174e-06 -4.782839449750215
-0.005996993987975952 3.311036789297659e-05 -3.036498379106981
-0.005996993987975952 0.00013063545150501674 1.7759466773660784
-0.005971743486973948 -0.0001739799331103679 -11.4
-0.005971743486973948 -7.645484949832776e-05 -9.819433668560578
-0.005946492985971944 -9.57190635451505e-05 -10.373973726140665
-0.005946492985971944 -6.020066889632107e-07 -5.466158763455266
-0.005946492985971944 0.00011377926421404684 1.074318248167664
-0.005946492985971944 0.0001739799331103679 3.4493016883065577
-0.00592124248496994 -9.451505016722408e-05 -10.340509767668204
-0.00592124248496994 -3.91304347826087e-05 -8.49499652618975
-0.005895991983967936 5.59866220735786e-05 -1.7009756368707045
-0.005895991983967936 7.043478260869566e-05 -0.941153047485474
-0.0058707414829659325 -8.849498327759198e-05 -10.171521555539721
-0.0058707414829659325 6.802675585284281e-05 -1.0627327602413406
-0.005845490981963928 2.4682274247491638e-05 -3.57480296396879
-0.005820240480961924 -0.00014989966555183947 -11.4
-0.005820240480961924 9.090301003344483e-05 0.05952552891056671
-0.00579498997995992 -0.00014749163879598662 -11.4
-0.00579498997995992 -6.080267558528429e-05 -9.312327233157514
-0.00579498997995992 -6.622073578595319e-06 -6.57827886241338
-0.00579498997995992 5.839464882943144e-05 -1.5653857688761754
-0.00579498997995992 7.525083612040135e-05 -0.6929824177555326
-0.005769739478957916 -0.00017157190635451507 -11.4
-0.005769739478957916 1.3846153846153848e-05 -4.327707283989649
-0.005769739478957916 0.0001511036789297659 2.6087617724098786
-0.005744488977955912 0.00010655518394648832 0.775299242867211
-0.0057192384769539075 -8.247491638795987e-05 -9.995004877946192
-0.0057192384769539075 -2.4682274247491638e-05 -7.81318745110012
-0.0057192384769539075 3.070234113712375e-05 -3.179297480789868
-0.0057192384769539075 9.812709030100335e-05 0.39954385293395966
-0.005693987975951904 -0.00011377926421404684 -10.840431357335026
-0.005693987975951904 -1.3846153846153848e-05 -7.162198094534912
-0.005693987975951904 0.00017759197324414717 3.6066976173451
-0.0056687374749499 -0.00014869565217391306 -11.4
-0.005643486973947896 0.00011498327759197326 1.150262407476853
-0.005618236472945892 6.802675585284281e-05 -1.048359013758577
-0.005618236472945892 0.00015471571906354516 2.7622708303246357
-0.005592985971943888 -0.00010775919732441473 -10.685588355597735
-0.005592985971943888 -8.729096989966556e-05 -10.132026844704399
-0.005592985971943888 0.0001631438127090301 3.084393680000516
-0.0055677354709418835 -0.00010173913043478261 -10.528117171925835
-0.005517234468937876 -3.4314381270903016e-05 -8.279790382517326
-0.005491983967935872 -3.070234113712375e-05 -8.112319281558653
-0.005491983967935872 7.765886287625418e-05 -0.5547888944680623
-0.005466733466933868 7.163879598662208e-05 -0.8547727530041002
-0.005441482965931863 0.00016555183946488297 3.1898456806701825
-0.005416232464929859 9.210702341137125e-05 0.14390252439174162
-0.005365731462925852 -2.4682274247491638e-05 -7.8097167860617605
-0.005365731462925852 0.00011016722408026757 0.9636139899017687
-0.005365731462925852 0.00014026755852842811 2.220963042220739
-0.005340480961923848 -0.0001511036789297659 -11.4
-0.005340480961923848 -5.117056856187291e-05 -8.963270876533105
-0.005315230460921843 -0.00010655518394648832 -10.648802484487167
-0.005315230460921843 -0.00010173913043478261 -10.523013378685384
-0.005289979959919839 -0.0001511036789297659 -11.4
-0.005289979959919839 -4.394648829431438e-05 -8.684849775397884
-0.005289979959919839 -1.5050167224080269e-05 -7.241180955963646
-0.005289979959919839 6.441471571906355e-05 -1.2178339550550321
-0.005289979959919839 9.451505016722408e-05 0.26486794278985637
-0.005264729458917835 0.00011137123745819399 1.024313946194277
-0.005264729458917835 0.00011498327759197326 1.1810457957053697
-0.005239478957915832 -0.00010775919732441473 -10.67823604478192
-0.005239478957915832 -3.6722408026755854e-05 -8.383205651156256
-0.005214228456913828 -0.00012220735785953177 -11.037042962230142
-0.005214228456913828 -0.00010414715719063544 -10.584208922336833
-0.005188977955911824 0.00014387959866220737 2.3811316337517816
-0.00516372745490982 -0.0001282274247491639 -11.17936765801305
-0.005138476953907816 -0.0001619397993311037 -11.4
-0.005138476953907816 -3.070234113712375e-05 -8.108449372494668
-0.005138476953907816 0.00012702341137123746 1.701677145981637
-0.005113226452905812 -0.00016795986622073582 -11.4
-0.005113226452905812 -0.00013183946488294314 -11.262674735331114
-0.005113226452905812 -6.020066889632107e-07 -5.466864485654047
-0.005087975951903808 -0.00011859531772575251 -10.94653474098397
-0.005062725450901803 7.88628762541806e-05 -0.46787313948428066
-0.005062725450901803 0.00011257525083612041 1.0931708517083105
-0.0050374749498997996 -6.441471571906355e-05 -9.421685054595919
-0.0050374749498997996 -3.792642140468228e-05 -8.432793001721237
-0.005012224448897796 -7.043478260869566e-05 -9.615977243437262
-0.005012224448897796 -3.792642140468228e-05 -8.432486472748323
-0.004961723446893788 -0.00017759197324414717 -11.4
-0.004961723446893788 -5.719063545150502e-05 -9.17466354367752
-0.004911222444889779 4.9966555183946487e-05 -1.9886195364638097
-0.0048859719438877755 8.367892976588629e-05 -0.2203443013558234
-0.0048859719438877755 0.00013545150501672243 2.071075983231599
-0.004860721442885772 -0.00010896321070234115 -10.701193549623444
-0.004860721442885772 5.357859531772576e-05 -1.782355718958317
-0.004860721442885772 0.00014989966555183947 2.6496740912379457
-0.004835470941883768 7.88628762541806e-05 -0.45307120866584044
-0.004835470941883768 0.00010775919732441473 0.8997736638074955
-0.004810220440881764 -4.214046822742475e-06 -6.319601673039063
-0.004810220440881764 0.00015953177257525085 3.0268211155113574
-0.004759719438877755 -8.247491638795987e-05 -9.977629659544656
-0.004759719438877755 0.00013545150501672243 2.0827483294904057
-0.004734468937875751 -0.0001523076923076923 -11.4
-0.0047092184368737475 1.1438127090301004e-05 -4.490520811096327
-0.0047092184368737475 0.00012581939799331105 1.6892626346403985
-0.004683967935871744 -0.00014147157190635452 -11.4
-0.004683967935871744 -4.1538461538461544e-05 -8.579681742709369
-0.004683967935871744 3.1906354515050165e-05 -3.068139589428357
-0.004633466933867735 -0.00011618729096989968 -10.87759694390576
-0.004633466933867735 -6.802675585284281e-05 -9.532950247165202
-0.004633466933867735 4.1538461538461544e-05 -2.4691186449983826
-0.004633466933867735 0.0001739799331103679 3.5876242965296377
-0.004633466933867735 0.00018 3.808284372464201
-0.004608216432865731 -4.2742474916387966e-05 -8.627664846246963
-0.004608216432865731 6.682274247491639e-05 -1.0521630258571775
-0.004582965931863727 4.755852842809365e-05 -2.111564552993645
-0.004557715430861723 -9.090301003344483e-05 -10.214412533663255
-0.004557715430861723 -2.2274247491638796e-05 -7.671997203951651
-0.004557715430861723 2.8294314381270905e-05 -3.298427190226814
-0.0045324649298597195 -1.7458193979933114e-05 -7.390148176620814
-0.0045324649298597195 2.7090301003344486e-05 -3.3772730618472675
-0.0045324649298597195 7.28428093645485e-05 -0.7362372921491851
-0.0045324649298597195 0.00010414715719063544 0.7623849921010172
-0.0045324649298597195 0.0001631438127090301 3.192974741508169
-0.004507214428857716 -8.96989966555184e-05 -10.179823057262197
-0.004481963927855712 -0.0001631438127090301 -11.4
-0.004431462925851704 -0.00014387959866220737 -11.4
-0.004431462925851704 -2.347826086956522e-05 -7.736546351460094
-0.004406212424849699 1.8662207357859533e-05 -3.9536592656711766
-0.004406212424849699 7.404682274247493e-05 -0.6669113286937314
-0.004406212424849699 9.331103678929766e-05 0.27356080581199854
-0.0043809619238476954 0.0001246153846153846 1.6678671625837471
-0.004355711422845692 -3.551839464882943e-05 -8.319995964345932
-0.004330460921843688 8.729096989966556e-05 -0.0070686582199090894
-0.004305210420841684 -4.394648829431438e-05 -8.672011590157354
-0.004279959919839679 -0.00014749163879598662 -11.4
-0.004279959919839679 -5.357859531772576e-05 -9.03622803731633
-0.004254709418837675 7.525083612040135e-05 -0.5960460905895748
-0.004229458917835671 6.080267558528429e-05 -1.3511649130201548
-0.0042042084168336675 -0.00013545150501672243 -11.325063047169863
-0.0042042084168336675 -2.347826086956522e-05 -7.734422105338632
-0.004178957915831664 5.59866220735786e-05 -1.6128426702411447
-0.004178957915831664 0.00010294314381270902 0.7361037740029167
-0.004178957915831664 0.00013183946488294314 1.9884754374656965
-0.004178957915831664 0.00015591973244147156 2.9528110889474464
-0.004153707414829659 5.418060200668897e-06 -4.9580215903907385
-0.004153707414829659 0.0001234113712374582 1.6372584218271393
-0.004153707414829659 0.0001246153846153846 1.6883245259026805
-0.004128456913827655 -9.57190635451505e-05 -10.33860798912685
-0.004128456913827655 8.367892976588629e-05 -0.1680020019276461
-0.004103206412825651 -0.00011979933110367893 -10.9546440511652
-0.004103206412825651 -8.006688963210702e-05 -9.895148690744845
-0.004103206412825651 0.00010775919732441473 0.9594327014655839
-0.004077955911823647 -0.00010294314381270902 -10.529921987212528
-0.004077955911823647 1.2642140468227424e-05 -4.389414717869489
-0.0040274549098196395 -9.090301003344483e-05 -10.204502478856037
-0.0040274549098196395 5.117056856187291e-05 -1.8765979027078215
-0.004002204408817635 -0.00016916387959866222 -11.4
-0.004002204408817635 3.551839464882943e-05 -2.813922159514783
-0.003976953907815631 -0.00013545150501672243 -11.319888029238642
-0.003976953907815631 -1.8060200668896322e-06 -5.995335674580689
-0.003976953907815631 7.82608695652174e-06 -4.762139206786138
-0.003976953907815631 1.3846153846153848e-05 -4.296950701792815
-0.003976953907815631 5.59866220735786e-05 -1.6020133744523553
-0.003976953907815631 6.682274247491639e-05 -1.0142821445815318
-0.003951703406813627 -2.1070234113712377e-05 -7.599199024372383
-0.003951703406813627 4.1538461538461544e-05 -2.4399451692763834
-0.003926452905811623 -8.96989966555184e-05 -10.169057234997123
-0.003926452905811623 -2.347826086956522e-05 -7.731837970637275
-0.003901202404809619 -0.00013545150501672243 -11.31816783354001
-0.003901202404809619 -0.00010053511705685619 -10.463136581828715
-0.003901202404809619 8.247491638795987e-05 -0.21116117265111672
-0.003875951903807615 8.127090301003345e-05 -0.2689126785173749
-0.0038507014028056107 -5.9598662207357865e-05 -9.241416494042253
-0.0038254509018036077 -0.00014749163879598662 -11.4
-0.0038002004008016034 -0.0001294314381270903 -11.177083198248651
-0.0038002004008016034 -9.692307692307692e-05 -10.364848363009205
-0.0038002004008016034 4.214046822742475e-06 -5.0548803528359425
-0.0038002004008016034 1.3846153846153848e-05 -4.293770688513829
-0.0037749498997995995 -6.561872909698997e-05 -9.441276426576062
-0.0037244488977955913 -0.00011979933110367893 -10.946563148065712
-0.0037244488977955913 0.00010414715719063544 0.8278052899772953
-0.0037244488977955913 0.00013183946488294314 2.031439369413817
-0.0036991983967935875 -0.00013665551839464883 -11.340971367136534
-0.0036991983967935875 -0.00011498327759197326 -10.828193722329766
-0.0036991983967935875 -4.8762541806020064e-05 -8.85050277303107
-0.0036991983967935875 7.82608695652174e-06 -4.759128106845738
-0.003673947895791583 -0.00014989966555183947 -11.4
-0.003673947895791583 -0.00010896321070234115 -10.676897569881392
-0.0035729458917835672 -0.0001739799331103679 -11.4
-0.0035729458917835672 -0.0001053511705685619 -10.582440578439728
-0.0035729458917835672 -2.4682274247491638e-05 -7.792466130330973
-0.0035729458917835672 -3.0100334448160537e-06 -6.166827007492432
-0.0035729458917835672 5.117056856187291e-05 -1.8534365226186749
-0.0035729458917835672 9.090301003344483e-05 0.2221639115679974
-0.0035476953907815634 -0.00017518394648829432 -11.4
-0.0035476953907815634 -0.00011859531772575251 -10.913592851537423
-0.0035476953907815634 3.4314381270903016e-05 -2.8728126140519357
-0.0035476953907815634 0.00016795986622073582 3.481855302916067
-0.003522444889779559 1.5050167224080269e-05 -4.198348052052233
-0.003497194388777555 -9.57190635451505e-05 -10.326604930315606
-0.003471943887775551 -0.00010414715719063544 -10.549294977861624
-0.003446693386773547 7.28428093645485e-05 -0.6661841662504528
-0.003421442885771543 -3.6722408026755854e-05 -8.361776366916938
-0.003421442885771543 -2.1070234113712377e-05 -7.594569722961284
-0.003421442885771543 2.347826086956522e-05 -3.58966867767901
-0.003421442885771543 0.00014869565217391306 2.747683393285892
-0.003421442885771543 0.00014989966555183947 2.795550749783025
-0.003396192384769539 -0.00017518394648829432 -11.4
-0.003396192384769539 0.0001631438127090301 3.3150739962914075
-0.003396192384769539 0.00017277591973244148 3.680365425771368
-0.003370941883767535 -0.00017157190635451507 -11.4
-0.003370941883767535 -6.020066889632107e-07 -5.46843958736534
-0.003370941883767535 9.090301003344483e-05 0.2376103332424551
-0.003345691382765531 -2.9498327759197327e-05 -8.031864968365879
-0.003345691382765531 4.1538461538461544e-05 -2.413211806363337
-0.003345691382765531 0.0001583277591973244 3.1346207802804393
-0.003320440881763527 -9.331103678929766e-05 -10.257774298199076
-0.003320440881763527 -8.247491638795987e-05 -9.95214151876484
-0.003320440881763527 7.163879598662208e-05 -0.7202835758904605
-0.0032699398797595186 -7.645484949832776e-05 -9.772885485741332
-0.0032446893787575148 -9.331103678929766e-05 -10.2563661217115
-0.0032446893787575148 0.00017157190635451507 3.652433381000009
-0.003219438877755511 2.7090301003344486e-05 -3.335968059407347
-0.003219438877755511 2.8294314381270905e-05 -3.2548826459724682
-0.003219438877755511 0.00011979933110367893 1.5671774156550171
-0.0031941883767535066 -8.488294314381271e-05 -10.01946115059338
-0.0031941883767535066 6.441471571906355e-05 -1.0948319729781755
-0.0031689378757515027 1.0234113712374581e-05 -4.561302089905394
-0.003143687374749499 -0.00011137123745819399 -10.726884991870923
-0.003143687374749499 -1.9866220735785955e-05 -7.523227534917156
-0.003143687374749499 0.000134247491638796 2.1881314940178154
-0.003118436873747495 -0.0001511036789297659 -11.4
-0.003118436873747495 -1.9866220735785955e-05 -7.523015974731761
-0.003118436873747495 0.00015591973244147156 3.0653193958250147
-0.003093186372745491 0.00016073578595317725 3.2557298161633397
-0.003042685370741483 5.418060200668897e-06 -4.949348479824397
-0.003042685370741483 3.792642140468228e-05 -2.6236539358159248
-0.003042685370741483 8.608695652173914e-05 0.02898678057280985
-0.003017434869739479 5.237458193979933e-05 -1.7549304675045778
-0.003017434869739479 0.00011498327759197326 1.3747166211581303
-0.0029921843687374747 0.00014749163879598662 2.744599844946101
-0.0029921843687374747 0.00017518394648829432 3.8172590417011976
-0.0029669338677354713 -7.525083612040135e-05 -9.731352599617372
-0.0029669338677354713 9.451505016722408e-05 0.4417589334655894
-0.002941683366733467 1.9866220735785955e-05 -3.832081912859438
-0.002941683366733467 3.91304347826087e-05 -2.543969405639355
-0.002916432865731463 -0.0001619397993311037 -11.4
-0.002916432865731463 -9.57190635451505e-05 -10.31568392366053
-0.002891182364729459 -0.00015471571906354516 -11.4
-0.002891182364729459 0.00011979933110367893 1.59765732702644
-0.002891182364729459 0.00017759197324414717 3.9190935864143617
-0.002865931863727455 -6.321070234113713e-05 -9.348134200857716
-0.002865931863727455 -2.347826086956522e-05 -7.722092268000952
-0.002840681362725451 -0.00015471571906354516 -11.4
-0.002840681362725451 -0.0001450836120401338 -11.4
-0.002840681362725451 -8.608695652173914e-05 -10.047579082048122
-0.002840681362725451 -3.0100334448160537e-06 -6.164720200824545
-0.002790180360721443 -0.00016555183946488297 -11.4
-0.002790180360721443 -9.331103678929766e-05 -10.247957704771187
-0.002790180360721443 -5.117056856187291e-05 -8.927815097649056
-0.0027396793587174347 -0.00012220735785953177 -10.983644976694173
-0.0027396793587174347 5.839464882943144e-05 -1.397920449755377
-0.002714428857715431 -0.0001234113712374582 -11.011814020070819
-0.0026891783567134266 -0.0001511036789297659 -11.4
-0.0026891783567134266 -3.91304347826087e-05 -8.455647690156592
-0.0026891783567134266 2.9498327759197327e-05 -3.155876227460881
-0.0026891783567134266 9.57190635451505e-05 0.5214687508324191
-0.0026639278557114227 -0.0001234113712374582 -11.010744460479893
-0.0026639278557114227 0.00010173913043478261 0.8061251777058391
-0.0026639278557114227 0.0001523076923076923 2.9722965077371692
-0.002638677354709419 -0.00010896321070234115 -10.656131111860143
-0.002638677354709419 -0.00010173913043478261 -10.47035935166271
-0.002613426853707415 -0.00013063545150501674 -11.178983203340962
-0.002613426853707415 -9.933110367892977e-05 -10.406514314462202
-0.002613426853707415 -1.7458193979933114e-05 -7.375004598540783
-0.002613426853707415 -5.418060200668897e-06 -6.443396925563849
-0.002588176352705411 -0.00013183946488294314 -11.20619342782333
-0.002588176352705411 -9.933110367892977e-05 -10.406035806790344
-0.002588176352705411 -4.1538461538461544e-05 -8.55370017013347
-0.0025629258517034068 -7.88628762541806e-05 -9.833048143393802
-0.002537675350701403 -8.006688963210702e-05 -9.868195871757944
-0.002537675350701403 -2.2274247491638796e-05 -7.653885791117683
-0.002537675350701403 5.9598662207357865e-05 -1.3187132345428385
-0.002537675350701403 7.404682274247493e-05 -0.5420065848570592
-0.002537675350701403 9.57190635451505e-05 0.5339397160719143
-0.002512424849699399 -1.5050167224080269e-05 -7.220798215570924
-0.002512424849699399 3.6722408026755854e-05 -2.677279258818289
-0.002512424849699399 6.441471571906355e-05 -1.052142963412586
-0.0024871743486973947 -2.9498327759197327e-05 -8.02305962973176
-0.002461923847695391 0.00013785953177257527 2.4073677237483513
-0.002436673346693387 -0.00013785953177257527 -11.339761361415905
-0.002436673346693387 -0.0001234113712374582 -11.005943490705898
-0.002436673346693387 0.00011618729096989968 1.4815510981578484
-0.0024114228456913827 -0.00011016722408026757 -10.681961886457401
-0.0024114228456913827 3.91304347826087e-05 -2.5205070151947027
-0.0024114228456913827 4.755852842809365e-05 -2.0049706052455134
-0.002386172344689379 6.802675585284281e-05 -0.8490857943083202
-0.0023609218436873745 -9.331103678929766e-05 -10.240079732341169
-0.0023609218436873745 -8.006688963210702e-05 -9.865200709382746
-0.0023609218436873745 -5.117056856187291e-05 -8.922008603368994
-0.0023609218436873745 7.82608695652174e-06 -4.74400172900398
-0.0023609218436873745 0.00010655518394648832 1.0546477392406535
-0.0023609218436873745 0.00012581939799331105 1.9092661656483794
-0.0023356713426853706 0.00017759197324414717 3.985852921276207
-0.0023104208416833668 -7.043478260869566e-05 -9.572110729299759
-0.0022851703406813625 -0.0001787959866220736 -11.4
-0.0022851703406813625 -0.00011016722408026757 -10.679452330139961
-0.002259919839679359 0.0001739799331103679 3.8590241459743106
-0.0022346693386773547 -0.00011739130434782609 -10.857010836547296
-0.0022346693386773547 7.82608695652174e-06 -4.742519105300086
-0.0022346693386773547 8.247491638795987e-05 -0.08921926263366588
-0.002209418837675351 -4.5150501672240804e-05 -8.692659941349929
-0.002209418837675351 2.8294314381270905e-05 -3.2200672244730804
-0.002209418837675351 3.311036789297659e-05 -2.898376338575734
-0.002184168336673347 -9.210702341137125e-05 -10.20392989078932
-0.0021589178356713427 -2.7090301003344486e-05 -7.902065413474521
-0.0021589178356713427 1.5050167224080269e-05 -4.170547744274872
-0.0021589178356713427 0.00015591973244147156 3.1719676659519256
-0.002133667334669339 0.00012702341137123746 1.9836862985908872
-0.002133667334669339 0.00017638795986622076 3.9652758693424084
-0.0020831663326653306 -5.418060200668897e-06 -6.441253001196642
-0.0020831663326653306 7.404682274247493e-05 -0.5099049440218903
-0.0020831663326653306 0.00011137123745819399 1.2990575620180478
-0.0020831663326653306 0.00016434782608695653 3.5110965664753118
-0.0020579158316633268 -0.000157123745819398 -11.4
-0.0020326653306613224 -5.59866220735786e-05 -9.090049647694029
-0.0020074148296593186 -0.00010053511705685619 -10.42679427727761
-0.0019821643286573147 -0.00011979933110367893 -10.910101267348407
-0.0019821643286573147 -1.1438127090301004e-05 -6.9640324171404
-0.0019316633266533065 -0.00013183946488294314 -11.191928814157748
-0.0019316633266533065 -4.394648829431438e-05 -8.642009685674621
-0.0019316633266533065 0.00013785953177257527 2.463253396921711
-0.0018811623246492988 -0.00015953177257525085 -11.4
-0.0018811623246492988 0.00015591973244147156 3.2037558905346577
-0.0018559118236472947 -0.00010053511705685619 -10.423940224531835
-0.0018306613226452906 -0.00013665551839464883 -11.299250060974646
-0.0018306613226452906 0.00010655518394648832 1.1025517788728854
-0.0018054108216432867 -0.00012581939799331105 -11.04951252134169
-0.0018054108216432867 0.00015471571906354516 3.1645531142406487
-0.0017801603206412827 6.561872909698997e-05 -0.9388033795580751
-0.0017801603206412827 0.00016675585284280938 3.6404911140363017
-0.0017549098196392786 -0.0001583277591973244 -11.4
-0.0017549098196392786 8.127090301003345e-05 -0.11330467894106495
-0.0017549098196392786 0.00014387959866220737 2.731639308951727
-0.0017296593186372745 5.59866220735786e-05 -1.4742182572158762
-0.0017296593186372745 9.210702341137125e-05 0.427477611974398
-0.0017044088176352706 3.91304347826087e-05 -2.488237102026994
-0.0016539078156312624 -3.070234113712375e-05 -8.071630542168917
-0.0016286573146292583 -0.00013665551839464883 -11.294823101156153
-0.0016286573146292583 0.00013545150501672243 2.3947141198312187
-0.0016034068136272545 -0.00016555183946488297 -11.4
-0.0016034068136272545 -8.367892976588629e-05 -9.957280534667607
-0.0015781563126252504 4.0334448160535115e-05 -2.4061536960749192
-0.0015529058116232465 -2.7090301003344486e-05 -7.896231459090463
-0.0015276553106212424 -6.321070234113713e-05 -9.328110803378829
-0.0015024048096192383 0.00012100334448160536 1.7851981727845463
-0.0014519038076152306 -1.2642140468227424e-05 -7.048588459633017
-0.0014519038076152306 6.020066889632107e-07 -5.36010152512534
-0.0014519038076152306 0.00010294314381270902 0.9692624731735425
-0.0014519038076152306 0.00011377926421404684 1.4678344261680196
-0.0014266533066132265 -0.00015953177257525085 -11.4
-0.0014266533066132265 -0.00012220735785953177 -10.95627260613018
-0.0014014028056112224 8.367892976588629e-05 0.03652900956810109
-0.0014014028056112224 0.00015351170568561875 3.163200380097357
-0.0013761523046092183 -8.729096989966556e-05 -10.055924884081977
-0.0013761523046092183 0.00013545150501672243 2.4219451022182663
-0.0013509018036072145 -0.00017036789297658863 -11.4
-0.0013509018036072145 -1.7458193979933114e-05 -7.365327760465638
-0.0013509018036072145 4.9966555183946487e-05 -1.8040814245916144
-0.0013256513026052104 -0.00013785953177257527 -11.315238307372164
-0.0013256513026052104 -0.00013304347826086955 -11.206418217964258
-0.0013256513026052104 0.00013785953177257527 2.5289048543739407
-0.0013004008016032065 0.00016795986622073582 3.745746773624597
-0.0013004008016032065 0.00017518394648829432 4.023537478444686
-0.0012751503006012024 -0.00015471571906354516 -11.4
-0.0012751503006012024 -7.82608695652174e-06 -6.667563653300643
-0.0012751503006012024 1.2642140468227424e-05 -4.339798469863056
-0.0012751503006012024 0.00017036789297658863 3.842036965843747
-0.0012498997995991983 -9.57190635451505e-05 -10.284973557601212
-0.0011993987975951904 -0.00010655518394648832 -10.566986902994413
-0.0011993987975951904 -6.923076923076924e-05 -9.516957992459947
-0.0011488977955911822 8.96989966555184e-05 0.3583200078031021
-0.0011236472945891785 -9.331103678929766e-05 -10.21770897775265
-0.0010983967935871745 -0.00013063545150501674 -11.146451541232905
-0.0010983967935871745 2.347826086956522e-05 -3.51896769304758
-0.0010731462925851704 -0.00014267558528428096 -11.4
-0.0010731462925851704 5.9598662207357865e-05 -1.227156160183566
-0.0010478957915831663 0.00010053511705685619 0.8925479806834649
-0.0010226452905811624 2.7090301003344486e-05 -3.260496565281725
-0.0010226452905811624 3.1906354515050165e-05 -2.9302338470422398
-0.0010226452905811624 4.755852842809365e-05 -1.9305803258692558
-0.0009973947895791583 -0.00011016722408026757 -10.654175762287085
-0.0009973947895791583 5.59866220735786e-05 -1.4294043357620607
-0.0009721442885771542 7.82608695652174e-06 -4.727120873563809
-0.0009721442885771542 2.347826086956522e-05 -3.5148735164991107
-0.0009721442885771542 0.0001234113712374582 1.945714782559767
-0.0009468937875751504 -1.3846153846153848e-05 -7.1292256481043434
-0.0009216432865731464 -0.0001739799331103679 -11.4
-0.0009216432865731464 7.525083612040135e-05 -0.36084558892482144
-0.0008963927855711423 -0.00013183946488294314 -11.169771438992925
-0.0008963927855711423 -9.57190635451505e-05 -10.278575707768773
-0.0008963927855711423 7.82608695652174e-06 -4.726162392205968
-0.0008963927855711423 2.1070234113712377e-05 -3.687749122808185
-0.0008711422845691383 -0.0001053511705685619 -10.530044573451335
-0.0008458917835671342 -0.0001619397993311037 -11.4
-0.0008458917835671342 7.645484949832776e-05 -0.2916661071385649
-0.0008458917835671342 0.00015953177257525085 3.470607249293479
-0.0008206412825651302 -0.00018 -11.4
-0.0008206412825651302 -0.00011377926421404684 -10.740278844992382
-0.0008206412825651302 -2.347826086956522e-05 -7.7038189997022135
-0.0008206412825651302 0.00013063545150501674 2.2767575668480364
-0.0007953907815631262 -1.5050167224080269e-05 -7.208707473323734
-0.0007953907815631262 8.488294314381271e-05 0.1469649346493184
-0.0007953907815631262 9.210702341137125e-05 0.5076592938058091
-0.0007953907815631262 0.00013545150501672243 2.4858861803542798
-0.0007701402805611222 -7.404682274247493e-05 -9.659195861823207
-0.0007701402805611222 -4.8762541806020064e-05 -8.812074548956943
-0.0007701402805611222 5.719063545150502e-05 -1.3454362155549688
-0.0007448897795591182 -0.0001246153846153846 -10.99917152849232
-0.0007448897795591182 -9.933110367892977e-05 -10.371682517312468
-0.0007448897795591182 -6.321070234113713e-05 -9.31661885328551
-0.0007196392785571142 -8.729096989966556e-05 -10.044589481707911
-0.0006943887775551102 -0.0001294314381270903 -11.110225076800564
-0.0006691382765531062 -0.00010053511705685619 -10.401847482296683
-0.0006691382765531062 4.0334448160535115e-05 -2.3616270913502713
-0.0006691382765531062 0.000157123745819398 3.3960444653086608
-0.0006438877755511023 1.0234113712374581e-05 -4.522676784720907
-0.0006438877755511023 0.00012581939799331105 2.0863860302570103
-0.0006438877755511023 0.0001450836120401338 2.9078224871598684
-0.0006186372745490982 -0.0001246153846153846 -10.996578912379128
-0.0006186372745490982 -0.00011739130434782609 -10.824381882852494
-0.0006186372745490982 8.96989966555184e-05 0.4039224171479653
-0.0006186372745490982 0.0001583277591973244 3.450551580389337
-0.0005933867735470942 -0.00017036789297658863 -11.4
-0.0005933867735470942 -8.96989966555184e-05 -10.10942080564536
-0.0005933867735470942 5.839464882943144e-05 -1.2646346369849957
-0.0005933867735470942 0.00017638795986622076 4.161098054171284
-0.0005428857715430862 -0.00011016722408026757 -10.645391424850159
-0.0005176352705410822 -3.91304347826087e-05 -8.430483521968885
-0.0005176352705410822 2.9498327759197327e-05 -3.0739601860719445
-0.0005176352705410822 0.00012100334448160536 1.886802147874887
-0.0005176352705410822 0.00013183946488294314 2.3621238099830935
-0.0005176352705410822 0.00016434782608695653 3.7026171916780566
-0.00046713426853707416 3.551839464882943e-05 -2.664877273697596
-0.00046713426853707416 6.080267558528429e-05 -1.1185505245712126
-0.0004418837675350701 -5.357859531772576e-05 -8.983265682832668
-0.0004418837675350701 9.451505016722408e-05 0.6574888255564104
-0.0004418837675350701 0.00013785953177257527 2.6282581756303713
-0.0004418837675350701 0.00016916387959866222 3.9014806852381474
-0.0004166332665330661 -0.00015471571906354516 -11.4
-0.0004166332665330661 0.00013063545150501674 2.3213073791091254
-0.0003913827655310621 -1.9866220735785955e-05 -7.500727591430608
-0.00036613226452905813 -9.210702341137125e-05 -10.171542611579918
-0.00036613226452905813 6.622073578595319e-06 -4.8220413184907525
-0.0003408817635270541 -8.367892976588629e-05 -9.935971119044698
-0.0003408817635270541 -4.5150501672240804e-05 -8.669495309910351
-0.0003156312625250501 -4.2742474916387966e-05 -8.574790115517635
-0.0003156312625250501 6.923076923076924e-05 -0.6380859229299952
-0.0002903807615230461 3.4314381270903016e-05 8.001320398016512
-0.0002903807615230461 0.000134247491638796 10.770045193628146
-0.0002651302605210421 -5.117056856187291e-05 -8.623879728472785
-0.0002651302605210421 8.247491638795987e-05 9.555399341617662
-0.0002398797595190381 8.006688963210702e-05 9.490751140009019
-0.0002398797595190381 9.692307692307692e-05 9.925167860452023
-0.00021462925851703407 -7.645484949832776e-05 -9.391957326842027
-0.00021462925851703407 -5.9598662207357865e-05 -8.897165449390139
-0.00021462925851703407 -3.311036789297659e-05 -7.951672617115923
-0.00016412825651302606 -9.451505016722408e-05 -9.865528772654105
-0.00016412825651302606 -1.7458193979933114e-05 -7.202582086636009
-0.00016412825651302606 2.588628762541806e-05 7.633509787725734
-0.00013887775551102205 0.0001294314381270903 10.668224914123671
-0.00011362725450901804 9.03010033444816e-06 6.657288355034675
-0.00011362725450901804 2.1070234113712377e-05 7.397145484695411
-0.00011362725450901804 0.00018 11.4
-8.837675350701404e-05 1.0234113712374581e-05 6.746220977979294
-8.837675350701404e-05 0.00011257525083612041 10.296193331165831
-6.312625250501002e-05 -4.8762541806020064e-05 -8.541825484821683
-6.312625250501002e-05 1.5050167224080269e-05 7.062234517794187
-3.787575150300601e-05 -0.00012702341137123746 -10.616611261356367
-3.787575150300601e-05 6.561872909698997e-05 9.080926413059919
1.2625250501002003e-05 -0.00017759197324414717 -4.285094728238382
1.2625250501002003e-05 -9.57190635451505e-05 -0.7559818742521938
1.2625250501002003e-05 -8.006688963210702e-05 0.03553824230476982
3.787575150300601e-05 0.00013906354515050168 11.314299532391235
6.312625250501002e-05 -0.00015471571906354516 -3.373006754343084
8.837675350701404e-05 -0.00016434782608695653 -3.7563694039428737
8.837675350701404e-05 -0.0001294314381270903 -2.304446634265013
8.837675350701404e-05 -3.551839464882943e-05 2.6477418533038644
0.00011362725450901804 -0.0001583277591973244 -3.512055707524948
0.00011362725450901804 2.7090301003344486e-05 7.882758314693704
0.00013887775551102205 -0.0001053511705685619 -1.2056408639112097
0.00013887775551102205 0.0001053511705685619 10.516596583001913
0.00013887775551102205 0.0001462876254180602 11.4
0.00018937875751503006 -1.6254180602006688e-05 4.033066206918432
0.00018937875751503006 3.070234113712375e-05 8.057071113596278
0.00021462925851703407 -6.321070234113713e-05 0.966654542654914
0.0002398797595190381 -0.0001282274247491639 -2.2327622440185073
0.0002398797595190381 -2.1070234113712377e-05 3.6686705106439814
0.0002398797595190381 3.1906354515050165e-05 8.113275248675498
0.0002398797595190381 7.163879598662208e-05 9.577659461726924
0.0002398797595190381 9.692307692307692e-05 10.299421178012269
0.0002903807615230461 -0.00012220735785953177 -1.9608295491509964
0.0002903807615230461 -9.451505016722408e-05 -0.668000512055575
0.0003156312625250501 0.00011739130434782609 10.819148341826079
0.0003408817635270541 -7.28428093645485e-05 0.44762840710513213
0.0003408817635270541 -9.03010033444816e-06 4.618297377386064
0.00036613226452905813 -6.080267558528429e-05 1.1147960298937172
0.0003913827655310621 5.478260869565218e-05 9.025866848180986
0.0003913827655310621 6.441471571906355e-05 9.351522825913184
0.0004166332665330661 -0.00011979933110367893 -1.8381379243828786
0.0004166332665330661 -6.923076923076924e-05 0.6494769760266079
0.0004418837675350701 0.00011979933110367893 10.879908832310912
0.0004418837675350701 0.00012100334448160536 10.908663942846335
0.00046713426853707416 2.1070234113712377e-05 7.570061363735308
0.0004923847695390781 5.357859531772576e-05 8.984760921696964
0.0005428857715430862 9.692307692307692e-05 10.305560909358205
0.0005428857715430862 0.00014147157190635452 11.379891404517016
0.0005428857715430862 0.00017518394648829432 11.4
0.0005681362725450902 -0.00013063545150501674 -2.296656909787575
0.0005681362725450902 0.00011498327759197326 10.76622606478089
0.0005933867735470942 -8.006688963210702e-05 0.08922085477566977
0.0006186372745490982 -0.00013304347826086955 -2.394082063858285
0.0006438877755511023 -0.00014749163879598662 -2.9978478651115816
0.0006691382765531062 -0.0001739799331103679 -4.047767284248279
0.0006691382765531062 -0.00015471571906354516 -3.288897538135973
0.0006691382765531062 -3.792642140468228e-05 2.520615003078698
0.0007196392785571142 -0.00013545150501672243 -2.484300098299338
0.0007196392785571142 -1.5050167224080269e-05 4.1410026030136
0.0007448897795591182 -0.0001619397993311037 -3.567181601599578
0.0007448897795591182 -0.0001511036789297659 -3.1322415278759523
0.0007448897795591182 -3.6722408026755854e-05 2.6029208979428757
0.0007701402805611222 -0.00013063545150501674 -2.2717682551778555
0.0007701402805611222 -0.00010775919732441473 -1.2489451101798532
0.0007701402805611222 -9.933110367892977e-05 -0.8517932435006594
0.0007953907815631262 -0.0001511036789297659 -3.125488078908422
0.0007953907815631262 -4.214046822742475e-06 5.035742196251246
0.0007953907815631262 0.0001450836120401338 11.4
0.0008206412825651302 -2.7090301003344486e-05 3.256871849252182
0.0008206412825651302 0.00017638795986622076 11.4
0.0008458917835671342 -8.608695652173914e-05 -0.19472320212593153
0.0008711422845691383 -7.88628762541806e-05 0.17652550766242708
0.0008963927855711423 -0.00013906354515050168 -2.6147180528161456
0.0008963927855711423 -4.394648829431438e-05 2.1516176293558953
0.0008963927855711423 2.4682274247491638e-05 7.768756513603448
0.0008963927855711423 6.561872909698997e-05 9.398935266146562
0.0009216432865731464 -0.00012100334448160536 -1.8326056378293283
0.0009973947895791583 -0.00016675585284280938 -3.721065846067585
0.0009973947895791583 2.347826086956522e-05 7.706470145495147
0.0009973947895791583 9.090301003344483e-05 10.151872004079202
0.0010226452905811624 -0.00016916387959866222 -3.8110993551517436
0.0010226452905811624 -9.933110367892977e-05 -0.825884616005935
0.0010478957915831663 -7.88628762541806e-05 0.19209530994548832
0.0010478957915831663 4.214046822742475e-06 6.3067927716780945
0.0010731462925851704 -0.00012100334448160536 -1.8151219473065259
0.0010731462925851704 3.0100334448160537e-06 6.160124820265919
0.0010731462925851704 6.802675585284281e-05 9.479025195104592
0.0010983967935871745 -9.57190635451505e-05 -0.6449844853693811
0.0010983967935871745 3.070234113712375e-05 8.06736623062704
0.0011236472945891785 4.9966555183946487e-05 8.863156555823885
0.0011236472945891785 8.127090301003345e-05 9.881973300810566
0.0011488977955911822 -0.00011498327759197326 -1.5377526014691394
0.0011741482965931863 -8.247491638795987e-05 0.01806998812330614
0.0011741482965931863 3.4314381270903016e-05 8.232805291707614
0.0011993987975951904 -0.00016675585284280938 -3.692947166166518
0.0011993987975951904 6.802675585284281e-05 9.481195137548719
0.0011993987975951904 7.525083612040135e-05 9.704927214594875
0.0012246492985971945 -0.00012581939799331105 -2.008845639311636
0.0012246492985971945 0.00012581939799331105 11.040544213956034
0.0012498997995991983 -0.00013545150501672243 -2.418693682438627
0.0012498997995991983 8.006688963210702e-05 9.849184678369486
0.0012751503006012024 3.91304347826087e-05 8.440989958365295
0.0013004008016032065 -1.3846153846153848e-05 4.248906693154264
0.0013004008016032065 -1.0234113712374581e-05 4.535788023463457
0.0013004008016032065 0.00011498327759197326 10.782576259656278
0.0013256513026052104 -0.0001631438127090301 -3.5346771263548087
0.0013256513026052104 -0.00015471571906354516 -3.200978956158633
0.0013256513026052104 -4.8762541806020064e-05 1.8838804814908976
0.0013256513026052104 4.1538461538461544e-05 8.540492785862277
0.0013509018036072145 0.00017157190635451507 11.4
0.0013761523046092183 -6.923076923076924e-05 0.727286515361034
0.0013761523046092183 -2.9498327759197327e-05 3.113994297095114
0.0014014028056112224 4.394648829431438e-05 8.637631235929137
0.0014014028056112224 8.488294314381271e-05 9.991257724256773
0.0014266533066132265 -0.00014267558528428096 -2.6986277795527807
0.0014266533066132265 -2.8294314381270905e-05 3.1983597032871036
0.0014266533066132265 2.588628762541806e-05 7.836136258958236
0.0014519038076152306 0.00014147157190635452 11.4
0.0014771543086172345 -4.6354515050167226e-05 2.0382203131021943
0.0014771543086172345 6.080267558528429e-05 9.249959679581877
0.0015276553106212424 0.00016916387959866222 11.4
0.0015529058116232465 -0.00014749163879598662 -2.880195345663838
0.0015529058116232465 -9.03010033444816e-06 4.637802562313554
0.0015529058116232465 0.00015953177257525085 11.4
0.0015781563126252504 0.0001053511705685619 10.547299604658976
0.0015781563126252504 0.0001282274247491639 11.105141688314776
0.0016034068136272545 -1.1438127090301004e-05 4.444802085383301
0.0016034068136272545 7.28428093645485e-05 9.638802278676552
0.0016286573146292583 -9.692307692307692e-05 -0.6508025932985709
0.0016286573146292583 3.070234113712375e-05 8.073458628505309
0.0016539078156312624 -0.00017518394648829432 -3.9533701330983932
0.0016539078156312624 -0.00016434782608695653 -3.537432620991015
0.0016539078156312624 -7.525083612040135e-05 0.4310207541078479
0.0016539078156312624 0.00014147157190635452 11.4
0.0016791583166332665 -1.2642140468227424e-05 4.351298191834206
0.0016791583166332665 2.4682274247491638e-05 7.77677455119073
0.0016791583166332665 5.59866220735786e-05 9.088038246333799
0.0016791583166332665 7.765886287625418e-05 9.786004131331945
0.0016791583166332665 0.00011016722408026757 10.67161541091505
0.0017044088176352706 -1.8060200668896322e-06 5.253024149469763
0.0017296593186372745 -4.394648829431438e-05 2.1996220282609076
0.0017296593186372745 0.00014147157190635452 11.4
0.0017549098196392786 -0.00014989966555183947 -2.952248745254132
0.0017549098196392786 -6.321070234113713e-05 1.0835391894687236
0.0017801603206412827 4.394648829431438e-05 8.64288872201242
0.0018306613226452906 -6.923076923076924e-05 0.76268318637316
0.0018306613226452906 4.0334448160535115e-05 8.49813562663596
0.0018306613226452906 5.59866220735786e-05 9.090425978546964
0.0018559118236472947 -8.849498327759198e-05 -0.22146515144688558
0.0018811623246492988 0.00016916387959866222 11.4
0.0019064128256513029 -0.00011739130434782609 -1.5625454411586897
0.0019064128256513029 -3.0100334448160537e-06 5.148233999295762
0.0019316633266533065 6.682274247491639e-05 9.455368261675323
0.0019569138276553104 -0.00017638795986622076 -3.95698068430272
0.0019569138276553104 -0.0001234113712374582 -1.8209450225482728
0.0019569138276553104 -0.00010173913043478261 -0.8460413920403579
0.0019569138276553104 6.923076923076924e-05 9.532521981685138
0.0019569138276553104 0.00012100334448160536 10.943559855969427
0.0019569138276553104 0.0001462876254180602 11.4
0.0019821643286573147 -0.00017518394648829432 -3.9081458494637644
0.0019821643286573147 -6.561872909698997e-05 0.9685308652943367
0.0019821643286573147 0.000134247491638796 11.253461978809936
0.0020074148296593186 -0.0001450836120401338 -2.7258039640855154
0.0020074148296593186 -0.00011979933110367893 -1.6577667232221525
0.0020074148296593186 5.478260869565218e-05 9.050777880887148
0.0020074148296593186 0.00016434782608695653 11.4
0.0020074148296593186 0.00017277591973244148 11.4
0.0020326653306613224 -4.755852842809365e-05 1.9985036065901134
0.0020326653306613224 9.692307692307692e-05 10.336291663404575
0.0020326653306613224 0.00018 11.4
0.0020579158316633268 -0.00013906354515050168 -2.472607763409153
0.0020579158316633268 -5.478260869565218e-05 1.577631564021662
0.0020579158316633268 1.6254180602006688e-05 7.297376024672455
0.0020579158316633268 6.441471571906355e-05 9.379434419405253
0.0020831663326653306 -0.00017638795986622076 -3.939704992663193
0.0020831663326653306 -4.8762541806020064e-05 1.9298746098860688
0.0021084168336673345 -0.0001739799331103679 -3.8455329622953554
0.0021084168336673345 2.588628762541806e-05 7.843364687433577
0.0021084168336673345 0.000134247491638796 11.256578623178624
0.002133667334669339 -7.525083612040135e-05 0.4698947592876977
0.002133667334669339 -1.9866220735785955e-05 3.8180214452637067
0.002133667334669339 0.00016073578595317725 11.4
0.0021589178356713427 -0.00015471571906354516 -3.093865269758003
0.0021589178356713427 -5.117056856187291e-05 1.7928505825249017
0.0021589178356713427 4.0334448160535115e-05 8.502531866468482
0.0021589178356713427 9.331103678929766e-05 10.241321090376053
0.0021589178356713427 0.00016073578595317725 11.4
0.002184168336673347 -0.00016434782608695653 -3.467455402646803
0.002184168336673347 8.96989966555184e-05 10.142327311057954
0.002184168336673347 9.210702341137125e-05 10.208884881775958
0.002184168336673347 0.00011739130434782609 10.861577827557749
0.002184168336673347 0.0001619397993311037 11.4
0.002184168336673347 0.0001787959866220736 11.4
0.002209418837675351 -0.00016073578595317725 -3.3240070848103542
0.002209418837675351 -6.080267558528429e-05 1.2486799711191252
0.002209418837675351 5.418060200668897e-06 6.442878154197958
0.002209418837675351 9.812709030100335e-05 10.372143830050142
0.0022346693386773547 -0.00011137123745819399 -1.2594322794747355
0.002259919839679359 -5.839464882943144e-05 1.3862579193281344
0.002259919839679359 7.645484949832776e-05 9.760742177230453
0.0023104208416833668 -0.00017518394648829432 -3.863708149003573
0.0023104208416833668 -4.5150501672240804e-05 2.1588547470674824
0.0023104208416833668 -2.588628762541806e-05 3.3980782253741935
0.0023104208416833668 0.00012100334448160536 10.95185603910053
0.0023104208416833668 0.00015591973244147156 11.4
0.0023356713426853706 -0.00010655518394648832 -1.031012045318301
0.0023356713426853706 -7.88628762541806e-05 0.3009782496976411
0.0023356713426853706 0.0001234113712374582 11.009976317140051
0.0023609218436873745 -3.6722408026755854e-05 2.6833663291801573
0.0023609218436873745 8.006688963210702e-05 9.870206908515142
0.0023609218436873745 9.331103678929766e-05 10.245489273924273
0.0023609218436873745 0.00011016722408026757 10.686840425845249
0.0024114228456913827 2.8294314381270905e-05 7.967011754140674
0.0024114228456913827 9.090301003344483e-05 10.180346158573547
0.002436673346693387 -0.00013063545150501674 -2.0767604163834177
0.002461923847695391 5.418060200668897e-06 6.444032659220895
0.0024871743486973947 -4.755852842809365e-05 2.024774777416965
0.0024871743486973947 0.00010414715719063544 10.536088205716704
0.002512424849699399 -0.00013545150501672243 -2.2699748567301445
0.002512424849699399 4.214046822742475e-06 6.312495832243147
0.002512424849699399 9.090301003344483e-05 10.182411334695649
0.002512424849699399 9.451505016722408e-05 10.281417582414049
0.002512424849699399 0.0001631438127090301 11.4
0.002512424849699399 0.00017036789297658863 11.4
0.002537675350701403 -0.0001511036789297659 -2.9036380667095916
0.002537675350701403 -0.0001053511705685619 -0.9561563123182365
0.002537675350701403 1.2642140468227424e-05 7.057666846097896
0.0025629258517034068 -2.8294314381270905e-05 3.243490851691805
0.0025629258517034068 0.00016675585284280938 11.4
0.002588176352705411 0.00015953177257525085 11.4
0.002613426853707415 -5.9598662207357865e-05 1.342730128158781
0.002638677354709419 -0.00016916387959866222 -3.5930232882789643
0.002638677354709419 -4.394648829431438e-05 2.24945816774746
0.002638677354709419 6.622073578595319e-06 6.564947742116556
0.0026639278557114227 4.214046822742475e-06 6.313095888302801
0.0026891783567134266 -5.418060200668897e-06 4.949208969744731
0.002714428857715431 0.00013785953177257527 11.35359430385
0.0027396793587174347 -0.00010775919732441473 -1.0459998729554187
0.0027396793587174347 0.00013183946488294314 11.21703806002442
0.0027396793587174347 0.00016916387959866222 11.4
0.002764929859719439 -8.488294314381271e-05 0.03528627066301965
0.002764929859719439 0.00012220735785953177 10.991494295639065
0.002790180360721443 4.214046822742475e-06 6.313597410652926
0.002840681362725451 -0.00010655518394648832 -0.9816496380242846
0.002840681362725451 -7.043478260869566e-05 0.7749691648431557
0.002840681362725451 3.551839464882943e-05 8.306694087100965
0.002840681362725451 4.5150501672240804e-05 8.705204469332047
0.002840681362725451 0.00012581939799331105 11.079147553224029
0.002840681362725451 0.0001583277591973244 11.4
0.002891182364729459 -0.00013785953177257527 -2.3265993736221575
0.002891182364729459 -0.00010053511705685619 -0.7009170570221478
0.002891182364729459 7.28428093645485e-05 9.6622372486648
0.002891182364729459 9.331103678929766e-05 10.256512716007652
0.002941683366733467 8.849498327759198e-05 10.124029096707204
0.002941683366733467 0.00017638795986622076 11.4
0.0029669338677354713 -0.00014869565217391306 -2.756412852101856
0.0029669338677354713 -0.00013183946488294314 -2.0686935230895687
0.0029669338677354713 -0.00010655518394648832 -0.9695131308727765
0.0029669338677354713 -4.1538461538461544e-05 2.412858564031376
0.0029669338677354713 0.00016916387959866222 11.4
0.0029921843687374747 0.0001246153846153846 11.05433756084812
0.0029921843687374747 0.00015953177257525085 11.4
0.003042685370741483 -1.1438127090301004e-05 4.471113835016983
0.003042685370741483 0.00010294314381270902 10.517017173562447
0.003067935871743487 -5.59866220735786e-05 1.5733557896105907
0.003067935871743487 1.2642140468227424e-05 7.061598139307195
0.003067935871743487 7.163879598662208e-05 9.62809225985083
0.003093186372745491 -0.00016675585284280938 -3.4437398788263223
0.003093186372745491 -0.00012702341137123746 -1.8525387214216678
0.003093186372745491 5.9598662207357865e-05 9.235885771173116
0.003093186372745491 7.645484949832776e-05 9.776418861090473
0.003093186372745491 0.00012100334448160536 10.970439996322987
0.003118436873747495 0.00010294314381270902 10.518687594597063
0.0031689378757515027 2.1070234113712377e-05 7.5958190177608795
0.0031689378757515027 0.00012100334448160536 10.972254312603441
0.0031941883767535066 -0.00017759197324414717 -3.8371172462039724
0.0031941883767535066 -0.00012702341137123746 -1.8418406084591465
0.0031941883767535066 -0.00011618729096989968 -1.3759423028801672
0.003219438877755511 -7.043478260869566e-05 0.8025781998008846
0.003219438877755511 1.8060200668896322e-06 5.994597398695297
0.003219438877755511 0.0001739799331103679 11.4
0.0032446893787575148 -0.00010173913043478261 -0.7238435907870302
0.0032446893787575148 -8.127090301003345e-05 0.2530890514579207
0.0032699398797595186 -0.00014749163879598662 -2.673152318892521
0.003295190380761523 -0.00018 -3.912818709977824
0.003295190380761523 8.006688963210702e-05 9.888255863109793
0.003345691382765531 3.91304347826087e-05 8.468471368887926
0.003396192384769539 0.0001294314381270903 11.17753745500367
0.003421442885771543 4.6354515050167226e-05 8.760518513488316
0.003446693386773547 -7.163879598662208e-05 0.7564711424450465
0.003446693386773547 -3.4314381270903016e-05 2.885378569556889
0.003471943887775551 0.0001739799331103679 11.4
0.003497194388777555 0.00014026755852842811 11.4
0.003522444889779559 9.331103678929766e-05 10.269793242168312
0.0035476953907815634 -5.357859531772576e-05 1.7378810608162232
0.0035476953907815634 -1.2642140468227424e-05 4.387982547003734
0.0035476953907815634 1.5050167224080269e-05 7.231518432055784
0.0035729458917835672 2.2274247491638796e-05 7.667105948057967
0.003598196392785571 -0.00013183946488294314 -2.000767263933245
0.003598196392785571 4.1538461538461544e-05 8.571690984154786
0.0036234468937875754 -3.1906354515050165e-05 3.046934908372923
0.0036234468937875754 2.588628762541806e-05 7.859793498875293
0.0036486973947895793 -0.00016675585284280938 -3.375187306653388
0.0036486973947895793 -9.57190635451505e-05 -0.4091353068701575
0.0036486973947895793 -4.0334448160535115e-05 2.519686059814779
0.0036486973947895793 9.692307692307692e-05 10.37069150268939
0.0036486973947895793 0.00010655518394648832 10.624097717872916
0.0036486973947895793 0.00014869565217391306 11.4
0.003673947895791583 -0.00017277591973244148 -3.597702642663528
0.003673947895791583 -4.214046822742475e-06 5.056891987555393
0.0036991983967935875 -0.0001787959866220736 -3.816899613299615
0.0036991983967935875 -0.00013063545150501674 -1.9401374956213049
0.0036991983967935875 0.0001234113712374582 11.042885154713955
0.0036991983967935875 0.00017157190635451507 11.4
0.0037244488977955913 7.525083612040135e-05 9.751853772854545
0.0037496993987975956 -1.8060200668896322e-06 5.259458915805886
0.0037496993987975956 0.00012100334448160536 10.986258769539678
0.0037496993987975956 0.00016795986622073582 11.4
0.0037749498997995995 -0.00014026755852842811 -2.32673220829879
0.0038002004008016034 -0.0001511036789297659 -2.7551808863463485
0.0038002004008016034 -7.404682274247493e-05 0.6585044033133697
0.0038002004008016034 -4.8762541806020064e-05 2.027273612923189
0.0038002004008016034 1.5050167224080269e-05 7.233611653055036
0.0038002004008016034 5.9598662207357865e-05 9.247793959845557
0.0038254509018036077 -4.8762541806020064e-05 2.0286403346101305
0.0038254509018036077 0.00016434782608695653 11.4
0.0038507014028056107 -0.00016916387959866222 -3.4411744636696655
0.0038507014028056107 -0.00012581939799331105 -1.7230358126263758
0.003875951903807615 -3.91304347826087e-05 2.6038496825815534
0.003901202404809619 -0.00016434782608695653 -3.253731446711212
0.003901202404809619 -2.1070234113712377e-05 3.7833154248076153
0.003901202404809619 1.7458193979933114e-05 7.388996129925415
0.003901202404809619 0.00016073578595317725 11.4
0.003951703406813627 0.0001631438127090301 11.4
0.003976953907815631 -7.645484949832776e-05 0.549600364410792
0.003976953907815631 0.00016675585284280938 11.4
0.004002204408817635 6.20066889632107e-05 9.332994300216237
0.004002204408817635 8.127090301003345e-05 9.937715526389397
0.0040274549098196395 5.237458193979933e-05 8.996075176001948
0.004052705410821643 6.682274247491639e-05 9.492883466899755
0.004052705410821643 0.0001053511705685619 10.602218682428807
0.004052705410821643 0.00010655518394648832 10.633308900807158
0.004077955911823647 -5.59866220735786e-05 1.6344482042848842
0.004077955911823647 0.00011618729096989968 10.876622999563025
0.004103206412825651 -0.00017638795986622076 -3.6781554141733523
0.004103206412825651 8.849498327759198e-05 10.14797540405236
0.004103206412825651 0.0001631438127090301 11.4
0.004128456913827655 -0.0001234113712374582 -1.5935970785816627
0.004128456913827655 7.525083612040135e-05 9.759590792417878
0.004153707414829659 -0.00013063545150501674 -1.8930653741920522
0.004153707414829659 6.20066889632107e-05 9.33563241488558
0.004153707414829659 0.00013906354515050168 11.4
0.004178957915831664 2.2274247491638796e-05 7.673310826723812
0.004178957915831664 0.00017277591973244148 11.4
0.0042042084168336675 6.622073578595319e-06 6.573170130447843
0.0042042084168336675 3.91304347826087e-05 8.480214286737649
0.0042042084168336675 7.765886287625418e-05 9.834156528205282
0.0042042084168336675 0.00014869565217391306 11.4
0.004229458917835671 0.00011377926421404684 10.820496930135715
0.004254709418837675 -9.331103678929766e-05 -0.24545963848600394
0.004254709418837675 -5.59866220735786e-05 1.6448136326573781
0.004254709418837675 9.812709030100335e-05 10.416309850254397
0.004279959919839679 -1.2642140468227424e-05 4.401332338684822
0.004305210420841684 -9.331103678929766e-05 -0.24130271560249414
0.004305210420841684 4.8762541806020064e-05 8.866080183587274
0.004330460921843688 0.00017638795986622076 11.4
0.004355711422845692 8.247491638795987e-05 9.980153583968324
0.0043809619238476954 -0.00017157190635451507 -3.4669754945955686
0.0043809619238476954 -5.59866220735786e-05 1.652160389233597
0.004406212424849699 0.00010294314381270902 10.547489634482835
0.004406212424849699 0.00016795986622073582 11.4
0.004431462925851704 4.9966555183946487e-05 8.913401161418484
0.004456713426853708 0.00011979933110367893 10.974305180341286
0.004481963927855712 -0.00017759197324414717 -3.675955627968853
0.004481963927855712 -0.00014869565217391306 -2.5848554117480043
0.004481963927855712 7.88628762541806e-05 9.875785921335055
0.004507214428857716 -0.00010896321070234115 -0.9342207368628748
0.004507214428857716 -5.59866220735786e-05 1.6594601398549136
0.004507214428857716 -4.6354515050167226e-05 2.203696654018482
0.0045324649298597195 -0.00010896321070234115 -0.9319527894970744
0.0045324649298597195 0.0001053511705685619 10.613195350945597
0.004557715430861723 -5.719063545150502e-05 1.5963605438108466
0.004582965931863727 -4.1538461538461544e-05 2.490856095246116
0.004582965931863727 9.03010033444816e-06 6.791926245897356
0.004582965931863727 0.00010775919732441473 10.676503570228526
0.004608216432865731 -9.331103678929766e-05 -0.21657925901095906
0.004633466933867735 -0.0001631438127090301 -3.122764443619735
0.004633466933867735 -0.00013545150501672243 -2.0411702935470264
0.004633466933867735 -0.00011498327759197326 -1.1853180822959444
0.004633466933867735 -4.8762541806020064e-05 2.0714461691260455
0.004658717434869739 -9.090301003344483e-05 -0.0999032901450316
0.004658717434869739 -3.6722408026755854e-05 2.7859979853642596
0.004683967935871744 7.645484949832776e-05 9.807107616249702
0.0047092184368737475 -0.00017638795986622076 -3.6047159740117687
0.0047092184368737475 -0.00016073578595317725 -3.0232037309997115
0.004734468937875751 -0.00010655518394648832 -0.8075819699086302
0.004734468937875751 -2.347826086956522e-05 3.641847081786646
0.004759719438877755 -5.418060200668897e-06 4.966866883028857
0.004784969939879759 -1.5050167224080269e-05 4.2333596354224765
0.004810220440881764 -0.00014387959866220737 -2.360226085951038
0.004810220440881764 9.090301003344483e-05 10.230575902699737
0.004835470941883768 -0.00010173913043478261 -0.5836842611261227
0.004860721442885772 -5.478260869565218e-05 1.74581596834013
0.004860721442885772 7.28428093645485e-05 9.699303637477547
0.0048859719438877755 -0.00015351170568561875 -2.727794351502124
0.0048859719438877755 -0.00014869565217391306 -2.5412361731157502
0.004936472945891783 -6.561872909698997e-05 1.1695194655945094
0.004961723446893788 -0.00011498327759197326 -1.155230594936814
0.004961723446893788 5.357859531772576e-05 9.055056933800946
0.004961723446893788 5.478260869565218e-05 9.0984973108999
0.005012224448897796 -1.7458193979933114e-05 4.065557681687126
0.005012224448897796 0.00011377926421404684 10.839245023276852
0.005062725450901803 -1.6254180602006688e-05 4.152355191075704
0.005062725450901803 1.0234113712374581e-05 6.8938383379310935
0.005062725450901803 2.7090301003344486e-05 7.937433655560039
0.005087975951903808 -0.00010775919732441473 -0.8299227230359147
0.005087975951903808 -8.96989966555184e-05 -0.009771961385030854
0.005087975951903808 0.0001282274247491639 11.192094884670558
0.005113226452905812 7.043478260869566e-05 9.62838298494185
0.005138476953907816 -0.00013063545150501674 -1.794619316115875
0.005138476953907816 0.0001246153846153846 11.10754030611672
0.005138476953907816 0.00014749163879598662 11.4
0.00516372745490982 7.82608695652174e-06 6.690703145447963
0.005188977955911824 1.5050167224080269e-05 7.245326666739711
0.005214228456913828 -5.9598662207357865e-05 1.504368443244692
0.005264729458917835 2.7090301003344486e-05 7.939787284020323
0.005264729458917835 0.00015953177257525085 11.4
0.005315230460921843 1.6254180602006688e-05 7.325524442255639
0.005340480961923848 -0.00011377926421404684 -1.0694589967366426
0.005340480961923848 -5.237458193979933e-05 1.9050229897049749
0.005340480961923848 -2.2274247491638796e-05 3.7404875938458066
0.005365731462925852 -0.00013063545150501674 -1.7725576401033432
0.005365731462925852 -6.561872909698997e-05 1.1962798671966652
0.005365731462925852 -4.6354515050167226e-05 2.2459895702693804
0.005365731462925852 2.7090301003344486e-05 7.940967926336613
0.0053909819639278555 -0.00013906354515050168 -2.1095868637301365
0.0053909819639278555 -0.00010294314381270902 -0.591034907420811
0.005416232464929859 -0.00016434782608695653 -3.0797584034581518
0.005416232464929859 3.070234113712375e-05 8.118961433235198
0.005416232464929859 0.00012702341137123746 11.172041276517698
0.005441482965931863 -5.839464882943144e-05 1.5819602616977009
0.005466733466933868 -0.00010896321070234115 -0.8499675652622045
0.005466733466933868 -9.331103678929766e-05 -0.14849096759117159
0.005491983967935872 -0.00018 -3.6430251742233897
0.005491983967935872 2.7090301003344486e-05 7.942447337854653
0.005491983967935872 0.00011137123745819399 10.790176987509403
0.005491983967935872 0.00011498327759197326 10.88100861040833
0.005517234468937876 -8.849498327759198e-05 0.07935291576057851
0.005517234468937876 0.0001511036789297659 11.4
0.0055677354709418835 5.478260869565218e-05 9.108657050442465
0.005592985971943888 -7.765886287625418e-05 0.6042870800231811
0.005592985971943888 5.117056856187291e-05 8.976940025840266
0.005592985971943888 0.00013304347826086955 11.31798594743866
0.005592985971943888 0.00014387959866220737 11.4
0.005618236472945892 6.682274247491639e-05 9.521658059372044
0.005618236472945892 0.00011377926421404684 10.853975062048043
0.005618236472945892 0.0001619397993311037 11.4
0.005643486973947896 0.0001282274247491639 11.206451996278988
0.005693987975951904 -8.247491638795987e-05 0.37783793452876135
0.005693987975951904 4.6354515050167226e-05 8.794987906628586
0.0057192384769539075 -9.933110367892977e-05 -0.40263566529786876
0.0057192384769539075 5.719063545150502e-05 9.196997339974017
0.0057192384769539075 8.608695652173914e-05 10.113353998758472
0.005744488977955912 -0.00011739130434782609 -1.187588854873459
0.005769739478957916 -0.0001462876254180602 -2.355439207863237
0.005769739478957916 0.00014869565217391306 11.4
0.00579498997995992 0.00010414715719063544 10.611119194594526
0.005820240480961924 -0.0001246153846153846 -1.482670353892928
0.005820240480961924 -0.00011257525083612041 -0.9758182944443914
0.005820240480961924 6.622073578595319e-06 6.581953168180297
0.005820240480961924 5.117056856187291e-05 8.980654745137473
0.005820240480961924 5.59866220735786e-05 9.15606463729427
0.005845490981963928 0.00014869565217391306 11.4
0.0058707414829659325 0.00010775919732441473 10.706901706787464
0.005895991983967936 -0.00017638795986622076 -3.466912663372447
0.005895991983967936 -0.00017277591973244148 -3.3363219656075715
0.005895991983967936 -0.00014026755852842811 -2.107146539341499
0.005946492985971944 -6.682274247491639e-05 1.169776244843852
0.005946492985971944 0.0001787959866220736 11.4
0.005971743486973948 0.00011739130434782609 10.952732346755543
0.005971743486973948 0.00015351170568561875 11.4
0.005996993987975952 5.9598662207357865e-05 9.285944300329001
0.006022244488977956 -0.00014026755852842811 -2.094761383022559
0.006022244488977956 0.0001053511705685619 10.64800095921673
0.00604749498997996 -0.00015471571906354516 -2.650307587033887
0.00604749498997996 9.090301003344483e-05 10.257492257809576
0.0060727454909819635 -3.792642140468228e-05 2.7709915375110366
0.0060727454909819635 3.311036789297659e-05 8.240260294277345
0.006123246492985972 -1.5050167224080269e-05 4.259518362746152
0.006148496993987976 -0.00014869565217391306 -2.4102044811254286
0.006148496993987976 -0.00013063545150501674 -1.6983502175169807
0.006148496993987976 4.0334448160535115e-05 8.558426424588529
0.006198997995991984 -7.88628762541806e-05 0.5867233433480779
0.006198997995991984 8.608695652173914e-05 10.123623420805036
0.006198997995991984 0.00017157190635451507 11.4
0.0062242484969939876 -0.00014989966555183947 -2.4487681121211113
0.0062242484969939876 -0.00014267558528428096 -2.1694295408498583
0.0062242484969939876 0.0001631438127090301 11.4
0.0062242484969939876 0.0001787959866220736 11.4
0.0062242484969939876 0.00018 11.4
0.006249498997995992 -0.0001246153846153846 -1.443658572652571
0.006274749498997996 -0.0001462876254180602 -2.3047599913559114
0.006274749498997996 -0.00013545150501672243 -1.8797335878889287
0.006274749498997996 -9.692307692307692e-05 -0.2507742508673664
0.006274749498997996 -8.127090301003345e-05 0.4759330545797978
0.006274749498997996 -7.82608695652174e-06 4.792950938568749
0.006274749498997996 6.923076923076924e-05 9.612149490658721
0.0063 -2.8294314381270905e-05 3.3736755346347786
0.0063 0.00016795986622073582 11.4
