xplot yplot Bspline_fit Pspline_fit SCP_spline_fit
0.1 0.0038609082724554255 -0.03622168298886628 -0.023710618478999156 -0.06006039439023626
0.10070070070070071 0.003998376470810183 -0.027778091215271736 -0.02243529080591931 -0.060061476154016885
0.1014014014014014 0.004140332658994905 -0.020342707003891583 -0.021304968532225143 -0.06006260016423064
0.1021021021021021 0.004286907803511525 -0.013889940181098256 -0.020335831331513166 -0.060063766451605716
0.10280280280280281 0.0044382361292579844 -0.008394200573264626 -0.019544058877379974 -0.06006497504687036
0.10350350350350351 0.004594455181232002 -0.003829898006763425 -0.01894583084342212 -0.06006622598075277
0.1042042042042042 0.004755705886757467 -0.00017144230796744576 -0.01855732690323618 -0.060067519283981206
0.10490490490490491 0.004922132618214581 0.0026067566967507482 -0.018394726730418698 -0.06006885498728387
0.10560560560560561 0.005093883256253867 0.004530289181018345 -0.018474209998566256 -0.060070233121389
0.10630630630630632 0.00527110925347307 0.005624745318462619 -0.018811956381275398 -0.0600716537170248
0.10700700700700701 0.005453965698535158 0.005915715282710853 -0.019424145552142696 -0.06007311680491953
0.10770770770770771 0.005642611380704248 0.0054287892473903416 -0.020326957184764717 -0.06007462241580139
0.10840840840840842 0.005837208854775226 0.004189557386128338 -0.021536570952738025 -0.06007617058039858
0.10910910910910912 0.0060379245063721144 0.002223609872552129 -0.023069166529659187 -0.0600777613294394
0.10980980980980981 0.0062449286175885015 -0.00044346311971095627 -0.024940923589124718 -0.06007939469365202
0.11051051051051052 0.0064583954329426735 -0.0037860714170337463 -0.027168021804731258 -0.06008107070376466
0.11121121121121122 0.006678503225618656 -0.007778624845788907 -0.02976664085007533 -0.06008278939050558
0.11191191191191192 0.006905434363963386 -0.012395533232349175 -0.03275296039875351 -0.06008455078460298
0.11261261261261261 0.0071393753782088105 -0.017611206403087158 -0.03614316012436229 -0.0600863549167851
0.11331331331331332 0.007380517027386608 -0.02340005418437579 -0.03995341970049835 -0.06008820181778016
0.11401401401401402 0.007629054366402215 -0.029736486402587692 -0.04419991880075821 -0.06009009151831638
0.11471471471471473 0.007885186813233002 -0.036594912884095575 -0.048898837098738414 -0.060092024049122006
0.11541541541541542 0.00814911821621481 -0.043949743455272035 -0.05406635426803544 -0.06009399944092524
0.11611611611611612 0.008421056921379526 -0.05177538794249008 -0.05971864998224604 -0.06009601772445431
0.11681681681681683 0.008701215839804868 -0.06004625617212228 -0.06587190391496668 -0.060098078930437455
0.11751751751751752 0.008989812514936633 -0.06873451059719683 -0.07253970893734969 -0.06009987367009816
0.11821821821821822 0.009287069189842215 -0.07772181656820414 -0.07963149270624685 -0.060088632867569367
0.11891891891891893 0.009593212874352549 -0.08677043671809687 -0.08691924632737658 -0.06003514802012333
0.11961961961961963 0.009908475412048905 -0.09563446558823951 -0.09416555915781728 -0.0599090860380294
0.12032032032032033 0.01023309354704909 -0.10406799771999653 -0.1011330205546474 -0.05968011383155693
0.12102102102102102 0.010567308990546588 -0.11182512765473238 -0.10758421987494522 -0.05931789831097526
0.12172172172172173 0.010911368487054466 -0.11865994993381179 -0.11328174647578938 -0.05879210638655373
0.12242242242242243 0.011265523880304912 -0.1243265590985991 -0.11798818971425822 -0.05807240496856167
0.12312312312312312 0.011630032178753726 -0.12857904969045877 -0.12146613894743001 -0.057128460967268466
0.12382382382382383 0.012005155620637538 -0.1311715162507555 -0.12347818353238343 -0.0559299412929434
0.12452452452452453 0.012391161738530273 -0.13185805332085362 -0.12378691282619673 -0.05444651285585586
0.12522522522522522 0.012788323423344256 -0.13039275544211776 -0.12215491618594838 -0.05264784256627521
0.12592592592592594 0.013196918987719556 -0.1265297171559122 -0.11834478296871667 -0.05050359733447068
0.12662662662662663 0.01361723222874382 -0.12002303300360181 -0.1121191025315803 -0.047983444070711784
0.12732732732732732 0.014049552489944068 -0.11062679752655097 -0.10324046423161762 -0.04505704968526778
0.12802802802802804 0.014494174722489513 -0.09812371832226534 -0.09149832233175154 -0.0416975667687285
0.12872872872872873 0.014951399545544 -0.08267683780799318 -0.07703922888520676 -0.03792448080216082
0.12942942942942945 0.015421533305705056 -0.06471931025054528 -0.060263344974952754 -0.033790182649185464
0.13013013013013014 0.015904888135464635 -0.044690045881519674 -0.041576235980909704 -0.02934776437266219
0.13083083083083083 0.016401782010626174 -0.023027954932512237 -0.021383467282995755 -0.024650318035450276
0.13153153153153155 0.016912538806610537 -0.00017194763511851896 -9.06042611287794e-05 -0.019750935700408957
0.13223223223223224 0.017437488353582314 0.023439065779063045 0.021896787704770687 -0.014702709430398073
0.13293293293293296 0.017976966490327005 0.04736617507843774 0.044173143234785536 -0.00955873128827664
0.13363363363363365 0.01853131511680725 0.0711704700314071 0.06633289694899529 -0.004372093336904512
0.13433433433433434 0.019100882245326592 0.09441304040637558 0.08797048346748196 0.0008041123608590814
0.13503503503503506 0.01968602205022621 0.11665497597174737 0.10868033741032755 0.00591679374215489
0.13573573573573575 0.020287094916040117 0.13745736649592433 0.12805689339761175 0.010912858744123101
0.13643643643643644 0.02090446748403288 0.15638130174731066 0.1456945860494165 0.015739215303904465
0.13713713713713716 0.021538512697041743 0.1729878714943105 0.1611878499858237 0.020342771358639725
0.13783783783783785 0.022189609842545307 0.1868381655053259 0.1741311198269131 0.024670434845469085
0.13853853853853854 0.022858144593878516 0.19756375722881367 0.18418411649522132 0.028676363596055472
0.13923923923923925 0.023544509049513596 0.20521811607912221 0.19139734680319573 0.032358111321076036
0.13993993993993994 0.024249101770324247 0.21001099551713776 0.19596607742150166 0.03572930698227358
0.14064064064064064 0.024972327814751075 0.2121524034768354 0.19808581072936907 0.03880360571628803
0.14134134134134135 0.02571459877178311 0.2118523478921901 0.19795204910602748 0.041594662659759286
0.14204204204204204 0.026476332791671147 0.20932083669717644 0.19576029493070643 0.04411613294932692
0.14274274274274276 0.027257954614286733 0.2047678778257694 0.19170605058263565 0.04638167172163095
0.14344344344344345 0.028059895595039352 0.19840347921194404 0.18598481844104486 0.048404934113310975
0.14414414414414417 0.028882593728265033 0.19043764878967484 0.1787921008851634 0.05019957526100697
0.14484484484484486 0.0297264936679964 0.18108039449293722 0.17032340029422136 0.051779250301358576
0.14554554554554555 0.030592046746026107 0.17054172425570574 0.1607742190474481 0.05315761437100566
0.14624624624624627 0.03147971098717234 0.15903164601195485 0.15034005952407292 0.054348322606588076
0.14694694694694696 0.0323899511216563 0.1467601676956602 0.1392164241033262 0.05536503014474554
0.14764764764764765 0.03332323859449983 0.13393729724079637 0.1275988151644372 0.056221392122117866
0.14834834834834837 0.034280051571851156 0.12077304258133756 0.11568273508663501 0.05693106367534489
0.14904904904904906 0.035260874944146064 0.10747741165125975 0.10366368624915026 0.057507699941066345
0.14974974974974975 0.036266200326011876 0.09426041238453724 0.09173717103121208 0.0579649560559221
0.15045045045045047 0.037296526052820016 0.0813320527151444 0.08009869181204965 0.058316487156551904
0.15115115115115116 0.03835235717379398 0.06890234057705714 0.06894375097089357 0.05857594837959559
0.15185185185185185 0.03943420544157849 0.05718128390424975 0.05846785088697289 0.0587569948616929
0.15255255255255257 0.040542589298175266 0.046378890630696716 0.048866493939516975 0.05887328173948368
0.15325325325325326 0.041678033857151034 0.03670516869037371 0.04033518250775612 0.058938464149607725
0.15395395395395395 0.04284107088202382 0.028370126017255203 0.033069418970919626 0.05896619722870482
0.15465465465465467 0.04403223876073204 0.02158377054531578 0.027264705708236896 0.058970136113414756
0.15535535535535536 0.04525208247609268 0.016555113399742166 0.02311552205959264 0.05896389544866219
0.15605605605605607 0.04650115357215438 0.01338482077164703 0.020705151384570797 0.05895668876227128
0.15675675675675677 0.04778001011635024 0.011969432717056142 0.019907379423969238 0.05894943770361798
0.15745745745745748 0.049089216657358554 0.012182891915222531 0.020572799902420637 0.05894214598620804
0.15815815815815817 0.05042934417857595 0.013899141045399296 0.022552006544557687 0.05893481732354725
0.15885885885885886 0.051800970047112115 0.016992122786839568 0.025695593075013116 0.058927455429141365
0.15955955955955958 0.05320467795821224 0.021335779818796655 0.029854153218419853 0.05892006401649617
0.16026026026026027 0.054641057875016295 0.026804054820523372 0.03487828069941032 0.058912646799117424
0.16096096096096096 0.05611070596356469 0.03327089047127299 0.040618569242617385 0.05890520749051091
0.16166166166166168 0.057614224522959376 0.04061022945029895 0.04692561257267406 0.05889774980418239
0.16236236236236237 0.05915222191059148 0.04869533433534532 0.05365037899440936 0.05889027733178681
0.16306306306306306 0.06072531246234882 0.05737573392288061 0.06065690869140833 0.05888278941270135
0.16376376376376378 0.062334116407713955 0.06647160560237239 0.06782540775142241 0.058875280127539995
0.16446446446446447 0.06397925977966909 0.07580130721752404 0.07503708441526517 0.05886774323091665
0.16516516516516516 0.06566137431932316 0.08518319661204007 0.08217314692375102 0.058860172477445155
0.16586586586586588 0.0673810973751772 0.09443563162962502 0.08911480351769446 0.05885256162173951
0.1665665665665666 0.06913907179694753 0.10337697011398264 0.09574326243790926 0.05884490441841356
0.16726726726726726 0.07093594582386684 0.11182556990881642 0.10193973192520919 0.05883719462208124
0.16796796796796798 0.07277237296738572 0.11959978885783182 0.1075854202204093 0.05882942598735644
0.1686686686686687 0.07464901188819695 0.12651798480473225 0.11256153556432327 0.05882159226885307
0.16936936936936936 0.07656652626751001 0.1323985155932215 0.11674928619776492 0.05881368722118503
0.17007007007007008 0.07852558467250437 0.13705973906700455 0.12002988036154909 0.05880570459896624
0.1707707707707708 0.08052686041588787 0.14032001306978512 0.12228452629648956 0.058797638156810605
0.1714714714714715 0.08257103140949794 0.14199769544526725 0.12339443224340044 0.05878948164933203
0.17217217217217218 0.0846587800118769 0.14191114403715527 0.12324080644309598 0.05878122883114442
0.1728728728728729 0.08679079286975978 0.13989568597988422 0.12171652950531153 0.05877382687657591
0.1735735735735736 0.08896776075341392 0.13599237786408305 0.11885599355895583 0.058779781870839085
0.17427427427427428 0.09119037838577573 0.13037913649235777 0.11478773037083699 0.058819289391079936
0.174974974974975 0.09345934426532687 0.1232363526854989 0.10964197346733726 0.0589126840171729
0.17567567567567569 0.09577536048266028 0.11474441726429804 0.10354895637483955 0.05908030032899243
0.17637637637637638 0.09813913253068864 0.1050837210495459 0.0966389126197261 0.05934247290641294
0.1770770770770771 0.10055136910844827 0.09443465486203298 0.08904207572837916 0.059719536329308855
0.17777777777777778 0.10301278191845775 0.08297760952255108 0.08088867922718188 0.06023182517755462
0.17847847847847848 0.10552408545759413 0.07089297585189076 0.07230895664251637 0.06089967403102465
0.1791791791791792 0.10808599680144987 0.058361144670842524 0.06343314150076482 0.06174341746959341
0.1798798798798799 0.11069923538214121 0.04556250680019777 0.05439146732831007 0.06278339007313533
0.18058058058058057 0.11336452275953994 0.03267745306074861 0.045314167651535384 0.0640399264215247
0.1812812812812813 0.11608258238590728 0.019886374273283783 0.036331475996821766 0.06553336109463619
0.181981981981982 0.11885413936390617 0.007369661258595422 0.02757362589055247 0.06728402867234412
0.1826826826826827 0.12167992019798214 -0.004692295162525062 0.01917085085911034 0.06931226373452284
0.1833833833833834 0.12456065253909887 -0.016119104169287107 0.011253384428877522 0.07163840086104681
0.1840840840840841 0.12749706492282264 -0.026730374940900387 0.003951460126236178 0.07428277463179064
0.1847847847847848 0.13048988650075294 -0.03634571665657285 -0.0026046885224304955 0.07726571962662851
0.1854854854854855 0.13353984676530425 -0.04478473849551409 -0.008284827990740387 0.08060757042543495
0.1861861861861862 0.13664767526784286 -0.05186704963693342 -0.012958724752311176 0.08432866160808455
0.1868868868868869 0.13981410133019342 -0.057412259260039206 -0.01649614528075989 0.08844932775445144
0.1875875875875876 0.14303985374953135 -0.0612399765440409 -0.018766856049704392 0.09298990344441019
0.1882882882882883 0.1463256604966825 -0.06316981066814756 -0.019640623532762053 0.09797072325783546
0.188988988988989 0.1496722484078573 -0.06302137081156794 -0.018987214203550373 0.10341212177460125
0.1896896896896897 0.15308034286985328 -0.0606142661535114 -0.016676394535686923 0.10933443357458218
0.1903903903903904 0.1565506674987605 -0.05576810587318656 -0.012577931002788992 0.11575799323765301
0.1910910910910911 0.16008394381221477 -0.04830249914980295 -0.006561590078474372 0.12270313534368757
0.1917917917917918 0.1636808908952475 -0.038037055162569444 0.001502861763639507 0.13019019447256058
0.1924924924924925 0.16734222505978402 -0.024791383090694452 0.011745658049935603 0.1382395052041468
0.19319319319319322 0.17106865949785136 -0.008385324243970566 0.024296866633765152 0.1468713590072124
0.1938938938938939 0.17486090392856055 0.011203602899350795 0.039174020199452375 0.1560767636717505
0.1945945945945946 0.17871966423893557 0.033566120832614454 0.05608650234597663 0.16576654104315294
0.19529529529529532 0.18264564211866144 0.05821971478409513 0.07469142678388437 0.17583791139997948
0.19599599599599601 0.18663953468884042 0.08468186998206795 0.09464590722372229 0.18618809502079006
0.1966966966966967 0.19070203412484157 0.11247007165481007 0.11560705737603882 0.19671431218414548
0.19739739739739742 0.19483382727333848 0.14110180503059916 0.1372319909513824 0.20731378316860644
0.1980980980980981 0.19903559526363632 0.17009455533770895 0.15917782166029892 0.21788372825273258
0.1987987987987988 0.20330801311339833 0.1989658078044171 0.18110166321333698 0.22832136771508466
0.19949949949949952 0.20765174932887995 0.22723304765900082 0.20266062932104478 0.23852392183422355
0.2002002002002002 0.2120674654997947 0.2544157796214952 0.22351326381524195 0.24838906227949736
0.2009009009009009 0.21655581588893566 0.28020945663162455 0.24344270984371152 0.25785378814272597
0.20160160160160162 0.22111744701668526 0.30461952361444017 0.2624516341697306 0.26692438700180227
0.2023023023023023 0.2257529972405517 0.3276829800537584 0.2805650492014742 0.27561419941569254
0.203003003003003 0.23046309632987874 0.34943682543339843 0.2978079673471196 0.2839365659433643
0.20370370370370372 0.23524836503587757 0.36991805923717885 0.3142054010148438 0.2919048271437847
0.20440440440440444 0.24010941465714042 0.3891636809489166 0.3297823626128224 0.29953232357592025
0.2051051051051051 0.24504684660080042 0.4072106900524288 0.3445638645492308 0.3068323957987376
0.20580580580580582 0.25006125193950934 0.4240960860315361 0.3585749192322478 0.3138183843712049
0.20650650650650654 0.25515321096440585 0.439856868370055 0.37184053907004855 0.3205036298522884
0.20720720720720723 0.2603232927342638 0.4545300365518029 0.38438573647080887 0.32690147280095494
0.20790790790790792 0.2655720546210089 0.46815259006059873 0.396235523842706 0.33302525377617176
0.20860860860860864 0.27090004185179706 0.48076152838026054 0.4074149135939164 0.33888831333690594
0.20930930930930933 0.27630778704786074 0.4923938509946058 0.4179489181326159 0.34450399204212434
0.21001001001001002 0.2817958097603328 0.5030865573874527 0.42786254986698125 0.3498856304507937
0.21071071071071074 0.2873646160032603 0.5128766470426199 0.43718082120518914 0.3550465691218816
0.21141141141141143 0.29301469778403244 0.5218011194439245 0.44592874455541553 0.3600001486143544
0.21211211211211212 0.2987465326314508 0.5298969740751851 0.45413133232583697 0.3647597094871795
0.21281281281281283 0.3045605831216745 0.5372012104202198 0.4618135969246302 0.36933859229932386
0.21351351351351353 0.3104572964022807 0.543750827962846 0.46900055075997094 0.3737501376097542
0.21421421421421422 0.3164371037146892 0.5495828261868823 0.4757172062400361 0.37800768597743756
0.21491491491491493 0.32250041991520023 0.5547342045761465 0.48198857577300236 0.3821245779613413
0.21561561561561562 0.32864764299490334 0.5592419626144566 0.4878396717670454 0.38611415412043193
0.21631631631631631 0.33487915359872594 0.5631430997856304 0.49329550663034205 0.38998975501367666
0.21701701701701703 0.341195314543885 0.5664746155734864 0.4983810927710689 0.3937647212000426
0.21771771771771775 0.34759647033802005 0.5692735094618425 0.5031214425974022 0.3974523932384967
0.21841841841841841 0.35408294669728746 0.5715767809345164 0.5075415685175179 0.4010661116880053
0.21911911911911913 0.3606550500647046 0.5734214294753264 0.5116664829395932 0.4046192171075364
0.21981981981981985 0.3673130671290266 0.5748444545680903 0.5155211982718039 0.4081250500560564
0.22052052052052054 0.3740572643444631 0.5758828556966262 0.5191307269223268 0.41159695109253236
0.22122122122122123 0.38088788745152735 0.5765736323447523 0.522520081299338 0.4150482607759312
0.22192192192192195 0.3878051609993278 0.5769537839962865 0.5257142738110141 0.41849231966522005
0.22262262262262264 0.39480928786960945 0.577060310135047 0.5287383168655316 0.42194246831936594
0.22332332332332333 0.4019004488028646 0.5769302102448514 0.5316172228710667 0.4254120472973356
0.22402402402402405 0.40907880192682833 0.576600483809518 0.5343760042357961 0.4289143971580964
0.22472472472472474 0.41634448228768073 0.5761081303128647 0.5370396733678959 0.43246285846061494
0.22542542542542543 0.4236976013842905 0.5754901492387096 0.5396332426755426 0.43607077176385833
0.22612612612612615 0.4311382467058225 0.5747835400708708 0.5421817245669129 0.4397514776267938
0.22682682682682684 0.4386664812730474 0.5740253022931661 0.5447101314501827 0.4435183166083879
0.22752752752752756 0.44628234318369475 0.5732524353894137 0.5472434757335287 0.447384629267608
0.22822822822822825 0.45398584516218277 0.5725019388434315 0.5498067698251274 0.45136375616342084
0.22892892892892894 0.46177697411407836 0.5718108121390376 0.552425026133155 0.45546903785479353
0.22962962962962966 0.4696556906856257 0.57121605476005 0.5551232570657882 0.4597138149006931
0.23033033033033035 0.47762192882869686 0.5707546661902867 0.5579264750312031 0.4641114278600863
0.23103103103103104 0.4856755953715175 0.5704636459135657 0.5608596924375762 0.46867521729194017
0.23173173173173175 0.49381656959551734 0.5703799934137052 0.563947921693084 0.47341852375522214
0.23243243243243245 0.5020447028186609 0.570540708174523 0.5672161752059031 0.47835468780889867
0.23313313313313316 0.5103598179856211 0.5709827896798371 0.5706894653842096 0.4834970500119371
0.23383383383383385 0.518761709265145 0.5717407357246477 0.5743910875347239 0.4888579434115283
0.23453453453453454 0.5272501416549792 0.5728244675130061 0.5783274681594619 0.4944398032591776
0.23523523523523526 0.5358248505947081 0.574229956832115 0.5824954592027216 0.500239446920729
0.23593593593593595 0.544485541586868 0.575953015361092 0.5868918027143062 0.5062536272812717
0.23663663663663664 0.5532318898267007 0.5779894547790551 0.5915132407440197 0.5124790972258956
0.23733733733733736 0.5620635398409 0.5803350867651222 0.5963565153416666 0.5189126096396909
0.23803803803803805 0.5709801051357148 0.5829857229984114 0.6014183685570504 0.5255509174077467
0.23873873873873874 0.5799811678547726 0.5859371751580403 0.6066955424399754 0.5323907734151532
0.23943943943943946 0.5890662784469718 0.5891852549231273 0.6121847790402457 0.5394289305470001
0.24014014014014015 0.5982349553448065 0.59272577397279 0.617882820407665 0.5466621416883772
0.24084084084084087 0.6074866846534807 0.5965545439861464 0.6237864085920375 0.5540871597243745
0.24154154154154156 0.6168209198511581 0.6006673766423143 0.6298922856431668 0.561700737540081
0.24224224224224225 0.6262370815007069 0.6050600836204117 0.6361971936108571 0.5694996280205871
0.24294294294294297 0.635734556973284 0.6097284765995568 0.6426978745449129 0.5774805840509827
0.24364364364364366 0.6453127001841024 0.6146683672588671 0.6493910704951373 0.585640358516357
0.24434434434434435 0.6549708313407329 0.6198755672774605 0.6562735235113349 0.5939757043018001
0.24504504504504507 0.6647082367042705 0.6253458883344556 0.6633419756433099 0.6024833742924021
0.24574574574574576 0.6745241683637051 0.6310751421089694 0.6705931689408653 0.6111601213732518
0.24644644644644648 0.684417844023831 0.6370591402801207 0.6780238454538063 0.6200026984294403
0.24714714714714717 0.6943884468070144 0.6432936945270267 0.6856307472319358 0.6290078583460562
0.24784784784784786 0.704435125069151 0.6497746165288056 0.6934106163250586 0.6381723540081898
0.24854854854854858 0.7145569922301227 0.6564977179645757 0.7013601947829786 0.6474929383009311
0.24924924924924927 0.7247531266190679 0.6634588105134541 0.7094762246554992 0.6569663641093693
0.24994994994994996 0.7350225713347762 0.6706537058545594 0.7177554479924249 0.6665893843185944
0.2506506506506507 0.7453643341214996 0.6780782156670097 0.7261946068435599 0.6763587518136968
0.25135135135135134 0.7557773872604785 0.6857281516299218 0.734790443258707 0.6862712194797647
0.25205205205205206 0.7662606674774729 0.6935993254224151 0.7435396992876719 0.6963235402018897
0.2527527527527528 0.7768130758665679 0.7016875487236067 0.7524391169802577 0.7065124668651608
0.2534534534534535 0.7874334778305384 0.7099886332126146 0.7614854383862686 0.7168347523546678
0.2541541541541542 0.7981207030380307 0.7184983905685571 0.7706754055555083 0.7272871495555003
0.2548548548548549 0.8088735453978196 0.7272126324705507 0.7800057605377801 0.7378664113527472
0.25555555555555554 0.8196907630503925 0.7361271705977146 0.789473245382889 0.7485692906314994
0.25625625625625625 0.830571078377094 0.7452378166291672 0.7990746021406394 0.7593925402768473
0.256956956956957 0.8415131780270682 0.7545403822440255 0.8088065728608347 0.7703329131738799
0.2576576576576577 0.8525157129622194 0.7640306791214081 0.8186658995932792 0.781387162207687
0.2583583583583584 0.8635772985204038 0.7737045189404324 0.8286493243877763 0.7925520402633582
0.25905905905905907 0.8746965144970514 0.7835577133802154 0.8387535892941294 0.8038243002259825
0.2597597597597598 0.8858719052454186 0.7935860741198771 0.8489754363621442 0.8152006949806516
0.26046046046046045 0.8971019797956395 0.8037854128385338 0.8593116076416235 0.8266779774124534
0.26116116116116117 0.9083852119927689 0.8141515412153044 0.869758845182372 0.8382529004064792
0.2618618618618619 0.9197200406539526 0.8246802709293066 0.8803138910341937 0.8499222168478182
0.2625625625625626 0.9311048697448975 0.8353674136596583 0.890973487246892 0.8616826796215602
0.26326326326326327 0.942538068575762 0.846208781085476 0.9017343758702703 0.8735310416127937
0.263963963963964 0.9540179720166073 0.8572001848858802 0.9125932989541342 0.8854640557066105
0.26466466466466465 0.965542880732506 0.8683374367399865 0.9235469985482863 0.8974784747880986
0.26536536536536537 0.9771110614384351 0.8796163483269148 0.9345922167025318 0.9095710517423496
0.2660660660660661 0.9887207471740133 0.8910327313257821 0.9457256954666742 0.9217385394544525
0.2667667667667668 1.0003701375981884 0.9025823974157062 0.9569441768905174 0.9339776908094968
0.2674674674674675 1.0120573993039195 0.9142611582758051 0.9682444030238653 0.9462852586925721
0.2681681681681682 1.0237806661529099 0.9260648255851961 0.9796231159165212 0.9586579959887677
0.26886886886886885 1.035538039630439 0.9379892110229975 0.9910770576182897 0.971092655583174
0.26956956956956957 1.0473275892202973 0.9500301262683286 1.0026029701789763 0.9835859903608819
0.2702702702702703 1.0591473527998543 0.9621833830003063 1.0141975956483833 0.9961347532069803
0.270970970970971 1.0709953370552467 0.9744447928980483 1.0258576760763152 1.0087356970065589
0.2716716716716717 1.0828695179166743 0.9868101676406728 1.0375799535125756 1.021385574644707
0.2723723723723724 1.094767841013766 0.9992753189072965 1.0493611700069678 1.0340811390065139
0.2730730730730731 1.106688222150983 1.0118360583770396 1.0611980676092978 1.0468191429770712
0.27377377377377377 1.1186285478029814 1.0244881977290177 1.0730873883693675 1.0595963394414667
0.2744744744744745 1.1305866756298812 1.0372275486423508 1.0850258743369827 1.0724094812847922
0.2751751751751752 1.1425604350123344 1.050049922796156 1.0970102675619469 1.0852553213921365
0.2758758758758759 1.1545476276063018 1.0629511318695513 1.1090373100940636 1.0981306126485895
0.27657657657657664 1.1665460279174154 1.0759269875416544 1.1211037439831373 1.1110321079392407
0.2772772772772773 1.1785533838947913 1.0889733014915823 1.1332063112789703 1.123956560149179
0.27797797797797796 1.190567417544155 1.102085885398454 1.1453417540313682 1.1369007221634952
0.2786786786786787 1.202585825560102 1.1152605509413882 1.1575068142901355 1.1498613468672798
0.2793793793793794 1.2146062799773283 1.128493109799502 1.1696982341050757 1.1628351871456217
0.2800800800800801 1.2266264288406354 1.141779373651913 1.181912755525992 1.1758189958836107
0.28078078078078084 1.2386438968935016 1.1551151541777398 1.1941471206026897 1.1888095259663372
0.2814814814814815 1.2506562862849955 1.1684962630560987 1.2063980713849707 1.2018035302788892
0.28218218218218216 1.262661177294801 1.181918511966109 1.2186623499226403 1.2147977617063574
0.2828828828828829 1.2746561290760952 1.1953777125868894 1.2309366982655034 1.227788973133833
0.2835835835835836 1.2866386804160126 1.208869676597557 1.2432178584633633 1.2407739174464045
0.2842842842842843 1.2986063505134233 1.2223902156772297 1.2555025725660236 1.253749347529162
0.28498498498498503 1.3105566397737196 1.2359351415050253 1.2677875826232887 1.2667120162671948
0.2856856856856857 1.3224870306203025 1.2495002657600607 1.280069630684961 1.279658676545592
0.2863863863863864 1.3343949883224506 1.2630814001214556 1.292345458800847 1.2925860812494454
0.2870870870870871 1.3462779618392149 1.276674356268327 1.3046118090207486 1.3054909832638428
0.2877877877877878 1.3581333846790113 1.2902749458797937 1.3168654233944719 1.318370135473876
0.2884884884884885 1.3699586757745161 1.3038789806349733 1.3291030439718199 1.3312202907646333
0.28918918918918923 1.3817512403725059 1.3174822722129826 1.3413214128025959 1.3440382020212047
0.28988988988988995 1.3935084709382326 1.3310806322929412 1.3535172719366049 1.3568206221286803
0.2905905905905906 1.4052277480739301 1.3446698725539643 1.3656873634236488 1.3695643039721486
0.2912912912912913 1.416906441451035 1.3582458046751722 1.3778284293135339 1.3822660004367002
0.291991991991992 1.4285419107556756 1.3718042403356838 1.3899372116560644 1.3949224644074263
0.2926926926926927 1.4401315066469889 1.3853409912146146 1.402010452501043 1.4075304487694154
0.29339339339339343 1.4516725717278096 1.398851868991084 1.4140448938982744 1.4200867064077574
0.29409409409409415 1.4631624415272486 1.4123326853442095 1.4260372778975623 1.4325879902075422
0.2947947947947948 1.4745984454946799 1.4257792519531074 1.4379843465487092 1.4450310530538577
0.29549549549549553 1.4859779080046476 1.4391873804968984 1.449882841901522 1.4574126478317968
0.2961961961961962 1.4972981493721647 1.4525528826546985 1.4617295060058024 1.469729527426447
0.2968968968968969 1.5085564868779135 1.4658715701056269 1.4735210809113557 1.4819784447228994
0.29759759759759763 1.5197502358027872 1.479139254528801 1.4852543086679857 1.494156152606244
0.29829829829829835 1.5308767104712562 1.4923517476033386 1.4969259313254961 1.506259403961569
0.298998998998999 1.5419332253029947 1.5055048610083563 1.5085326909336902 1.5182849516739645
0.29969969969969973 1.552917095872216 1.5185944064229755 1.5200713295423736 1.5302295486285218
0.3004004004004004 1.563825639974132 1.5316161955263101 1.5315385892013482 1.5420899477103283
0.3011011011011011 1.574656178697981 1.5445660399974812 1.5429312119604202 1.5538629018044765
0.30180180180180183 1.5854060375060097 1.557439751515605 1.5542459398693924 1.5655451637960542
0.30250250250250255 1.596072547317837 1.5702331417598006 1.5654795149780694 1.577133486570152
0.30320320320320326 1.6066530455995798 1.5829420224091852 1.5766286793362547 1.58862462301186
0.3039039039039039 1.6171448774571362 1.5955622051428755 1.5876901749937513 1.600015326006266
0.3046046046046046 1.627545396733009 1.6080895016399905 1.5986607440003642 1.611302348438461
0.3053053053053053 1.6378519671060385 1.6205197235796494 1.6095371284058984 1.622482443193536
0.306006006006006 1.64806196319342 1.632848682640969 1.6203160702601571 1.63355236315658
0.30670670670670674 1.6581727716543655 1.6450721905030674 1.6309943116129442 1.6445088612126824
0.30740740740740746 1.6681817922947726 1.6571860588450624 1.6415685945140632 1.6553486902469332
0.3081081081081081 1.6780864391722454 1.6691860993460703 1.6520356610133178 1.6660686031444205
0.30880880880880884 1.6878841417008283 1.6810681236852125 1.662392253160514 1.6766653527902373
0.3095095095095095 1.6975723457547833 1.6928279435416034 1.6726351130054529 1.6871356920694702
0.3102102102102102 1.7071485147707708 1.704461370594364 1.6827609825979417 1.6974763738672118
0.31091091091091094 1.7166101308477553 1.715964216522611 1.6927666039877822 1.7076841510685503
0.31161161161161166 1.7259546958439884 1.7273322930054613 1.7026487192247794 1.7177557765585758
0.3123123123123123 1.7351797324703937 1.738561411722033 1.7124040703587355 1.727688003222377
0.31301301301301304 1.7442827853796967 1.7496473843514455 1.722029399439457 1.7374775839450454
0.3137137137137137 1.7532614222506195 1.7605860225728152 1.7315214485167458 1.747121271611669
0.3144144144144144 1.7621132348664947 1.7713731380652615 1.7408769596404081 1.75661581910734
0.31511511511511514 1.770835840187608 1.782004542507902 1.7500926748602463 1.7659579793171467
0.31581581581581586 1.7794268814166239 1.7924760475798536 1.7591653362260646 1.7751445051261783
0.3165165165165166 1.7878840290564184 1.802783464960235 1.7680916857876674 1.784172149419526
0.31721721721721724 1.7962049819596613 1.8129226063281632 1.7768684655948574 1.7930376650822777
0.3179179179179179 1.804387468369487 1.8228892833627568 1.7854924176974398 1.801737804999524
0.3186186186186186 1.8124292469505978 1.832679307743134 1.7939602841452191 1.8102693220563557
0.31931931931931934 1.8203281078101419 1.8422884911484132 1.8022688069879982 1.8186289691378619
0.32002002002002006 1.8280818735077249 1.8517126452577113 1.8104147282755818 1.8268134991291323
0.3207207207207208 1.8356884000539042 1.860947581750147 1.818394790057774 1.834819664915257
0.32142142142142144 1.8431455778965258 1.869989112304836 1.8262057343843767 1.8426442193813237
0.32212212212212216 1.850451332894276 1.8788330486008995 1.8338443033051965 1.8502839154124253
0.3228228228228228 1.8576036272768084 1.887475202317453 1.8413072388700367 1.8577355058936496
0.32352352352352354 1.8646004605908417 1.8959113851336165 1.848591283128701 1.8649957437100875
0.32422422422422426 1.8714398706315942 1.9041374087285063 1.8556931781309933 1.8720613817468281
0.324924924924925 1.8781199343589676 1.912149084781241 1.862609665926718 1.8789291728889612
0.32562562562562564 1.8846387687978685 1.9199422249709377 1.869337488565678 1.885595870021576
0.32632632632632635 1.8909945319220858 1.927512640976715 1.8758733880976788 1.8920582260297634
0.327027027027027 1.8971854235211356 1.934856144477691 1.8822141065725235 1.898312993798613
0.32772772772772774 1.9032096860495162 1.9419685471529837 1.8883563860400163 1.904356926213214
0.32842842842842845 1.909065605457796 1.9488456606817104 1.8942969685499609 1.9101867761586564
0.32912912912912917 1.9147515120049983 1.9554832967429898 1.9000325961521625 1.9157992965200303
0.3298298298298299 1.9202657810517383 1.961877267015939 1.9055600108964235 1.921191240182425
0.33053053053053055 1.925606833833583 1.968023383179676 1.9108759548325485 1.92635936003093
0.3312312312312312 1.9307731382141262 1.9739174569133189 1.915977170010341 1.9313004089506354
0.33193193193193193 1.9357632094172676 1.9795552998959867 1.9208603984796069 1.9360111398266318
0.33263263263263265 1.9405756107382093 1.9849327238067955 1.925522382290148 1.9404883055440079
0.33333333333333337 1.9452089542326971 1.9900455403248647 1.9299598634917692 1.944728658987854
0.3340340340340341 1.9496619013840386 1.9948906110151583 1.9341703977223563 1.948729809778956
0.33473473473473475 1.9539331637474504 1.9994689969860315 1.9381547949721236 1.952492794480885
0.33543543543543547 1.9580215035713036 2.003782809231684 1.9419146788193666 1.9560195063929084
0.33613613613613613 1.9619257343948424 2.0078341587463187 1.9454516728423816 1.9593118388142945
0.33683683683683685 1.9656447216219786 2.0116251565241345 1.948767400619464 1.9623716850443085
0.33753753753753757 1.9691773830707668 2.015157913559336 1.9518634857289112 1.9652009383822215
0.3382382382382383 1.9725226894981946 2.0184345408461213 1.954741551749017 1.9678014921272975
0.338938938938939 1.9756796650999247 2.021457149378693 1.9574032222580784 1.9701752395788055
0.33963963963963967 1.9786473879846547 2.024227850151251 1.959850120834391 1.9723240740360124
0.34034034034034033 1.9814249906227697 2.0267487541579987 1.9620838710562514 1.9742498887981865
0.34104104104104105 1.98401166026898 2.029021972393136 1.9641060965019557 1.9759545771645952
0.34174174174174177 1.98640663935866 2.031049615850864 1.9659184207497986 1.9774400324345052
0.3424424424424425 1.9886092258776138 2.032833795525384 1.9675224673780773 1.9787081479071849
0.3431431431431432 1.9906187737050172 2.034376622410898 1.9689198599650872 1.9797608168819008
0.34384384384384387 1.9924346929293004 2.035680207501606 1.970112222089124 1.9805999326579204
0.3445445445445446 1.9940564501367566 2.03674666179171 1.9711011773284843 1.981227388534512
0.34524524524524525 1.9954835686726748 2.0375780962754106 1.971888349261463 1.9816450778109427
0.34594594594594597 1.9967156288748262 2.03817662194691 1.9724753614663566 1.9818548937864797
0.3466466466466467 1.9977522682791324 2.0385443498004077 1.972863837521461 1.9818587297603902
0.3473473473473474 1.9985931817973852 2.0386833908301067 1.9730554010050732 1.9816584790319427
0.34804804804804806 1.9992381218668904 2.0385958560302075 1.9730516754954874 1.981256034900404
0.3487487487487488 1.9996868985719327 2.0382838563949113 1.9728542845710009 1.9806532906650416
0.34944944944944945 1.9999393797369804 2.037749502918419 1.9724648518099084 1.9798521396251227
0.35015015015015016 1.9999954909915647 2.0369949065949324 1.9718850007905064 1.9788544750799153
0.3508508508508509 1.99985521580679 2.036022178418652 1.971116355091091 1.9776621903286864
0.3515515515515516 1.9995185955034467 2.0348334293837795 1.970160538289958 1.9762771786707036
0.3522522522522523 1.998985729231728 2.033430770484516 1.9690191739654037 1.9747013334052346
0.3529529529529529 1.9982567739225556 2.031816312715063 1.9676938856957238 1.972936547831547
0.35365365365365364 1.9973319442105555 2.029992167069621 1.9661862970592139 1.9709847152489077
0.35435435435435436 1.996211512328732 2.0279604445423915 1.96449803163417 1.968847728956584
0.3550550550550551 1.9948958079749148 2.0257232561275753 1.962630712998888 1.9665274822538439
0.3557557557557558 1.9933852181500702 2.023282712819375 1.9605859647316648 1.9640258684399554
0.3564564564564565 1.9916801869685858 2.0206409256119904 1.9583654104107953 1.9613447808141844
0.35715715715715723 1.9897812154406624 2.017800005499623 1.9559706736145754 1.9584861126757998
0.35785785785785784 1.987688861226959 2.014762063476475 1.9534033779213018 1.9554517573240686
0.35855855855855856 1.9854037383656602 2.0115292105367457 1.95066514690927 1.952243608058258
0.3592592592592593 1.9829265169721548 2.0081035576746378 1.9477576041567755 1.9488635581776355
0.35995995995996 1.9802579229115282 2.0044872158843523 1.944682373242115 1.9453135009814688
0.3606606606606607 1.9773987374440953 2.0006822961600896 1.941441077743584 1.9415953297690252
0.36136136136136143 1.9743497968442134 1.9966909094960519 1.9380353412394786 1.9377109378395723
0.36206206206206204 1.9711119919926392 1.9925151668864411 1.9344667873080954 1.933662218492378
0.36276276276276276 1.9676862679427036 1.9881571793254558 1.9307370395277286 1.9294510650267087
0.3634634634634635 1.964073623460606 1.9836190578072992 1.9268477214766757 1.9250793707418326
0.3641641641641642 1.9602751105401348 1.9789029133261717 1.922800456733232 1.9205490289370168
0.3648648648648649 1.956291833892147 1.9740108568762758 1.9185968688756936 1.9158619329115294
0.36556556556556563 1.9521249504091545 1.9689449994518105 1.914238581482356 1.911019975964637
0.36626626626626635 1.9477756686053809 1.9637074520469784 1.9097272181315157 1.9060250513956074
0.36696696696696696 1.9432452480326652 1.9583003256559817 1.9050644024014691 1.900879052503709
0.3676676676676677 1.9385349986726057 1.9527257312730193 1.9002517578705107 1.8955838725882073
0.3683683683683684 1.9336462803053687 1.9469857798922932 1.8952909081169371 1.8901414049483711
0.3690690690690691 1.9285805018555657 1.9410825825080056 1.890183476719045 1.884553542883468
0.36976976976976983 1.9233391207156572 1.9350182501143571 1.8849310872551297 1.8788221796927647
0.37047047047047055 1.9179236420473311 1.9287948937055481 1.8795353633034866 1.872949208675529
0.37117117117117115 1.9123356180613256 1.9224146242757818 1.8739979284424129 1.8669365231310295
0.3718718718718719 1.9065766472761725 1.9158795528192571 1.8683204062502032 1.8607860163585315
0.3725725725725726 1.9006483737563735 1.9091917903301763 1.862504420305154 1.8544995816573042
0.3732732732732733 1.8945524863304963 1.9023534478027404 1.8565515941855613 1.8480791123266131
0.373973973973974 1.8882907177897246 1.8953666362311505 1.850463551469721 1.8415265016657278
0.37467467467467475 1.8818648440673902 1.8882334666096086 1.844241915735929 1.8348436429739148
0.37537537537537535 1.8752766834000325 1.8809560499323161 1.8378883105624828 1.8280324295504427
0.37607607607607607 1.8685280954705332 1.8735364971934727 1.8314043595276757 1.8210947546945775
0.3767767767767768 1.8616209805339046 1.86597691938728 1.8247916862098041 1.814032511705586
0.3774774774774775 1.854557278526291 1.8582794275079388 1.8180519141871652 1.806847593882737
0.3781781781781782 1.847338968157777 1.8504461325496524 1.8111866670380543 1.7995418945252983
0.37887887887887894 1.8399680659895945 1.8424791455066198 1.8041975683407672 1.7921173069325365
0.37957957957957966 1.832446625496328 1.8343805773730435 1.7970862416736 1.7845757244037193
0.38028028028028027 1.8247767361137308 1.8261525391431248 1.7898543106148495 1.776919040238115
0.380980980980981 1.8169605222727627 1.8177971418110634 1.78250339874281 1.7691491477349899
0.3816816816816817 1.809000142420489 1.8093164963710617 1.7750351296357783 1.7612679401936113
0.3823823823823824 1.8008977880284502 1.8007127138173202 1.76745112687205 1.7532773109132473
0.38308308308308314 1.792655682589156 1.791987905144041 1.7597530140299216 1.7451791531931655
0.38378378378378386 1.784276080601336 1.783144181345425 1.7519424146876887 1.7369753603326328
0.38448448448448447 1.775761266544601 1.7741836534156743 1.7440209524236483 1.728667825630919
0.3851851851851852 1.7671135538441534 1.7651084323489874 1.735990250816094 1.720258442387287
0.3858858858858859 1.7583352838262258 1.7559206291395677 1.7278519334433233 1.711749103901008
0.3865865865865866 1.749428824664876 1.7466223547816153 1.7196076238836318 1.7031417034713476
0.38728728728728734 1.7403965703208193 1.7372157202693324 1.7112589457153158 1.6944381343975743
0.38798798798798806 1.7312409394729595 1.7277028365969196 1.7028075225166706 1.6856402899789549
0.38868868868868867 1.7219643744432758 1.7180858147585798 1.6942549778659939 1.676750063514759
0.3893893893893894 1.7125693401157311 1.7083667657485107 1.6856029353415787 1.6677693483042504
0.3900900900900901 1.7030583228498886 1.6985478005609163 1.676853018521723 1.6587000376466985
0.3907907907907908 1.6934338293898712 1.6886310301899963 1.6680068509847215 1.6495440248413702
0.39149149149149154 1.6836983857693546 1.678618565629953 1.6590660563088715 1.6403032031875342
0.39219219219219226 1.6738545362132515 1.6685125178749867 1.6500322580724678 1.6309794659844568
0.392892892892893 1.6639048420367473 1.6583149979192995 1.640907079853807 1.621574706531406
0.3935935935935936 1.653851880542359 1.6480281167570938 1.6316921452311868 1.6120908181276508
0.3942942942942943 1.643698243915658 1.6376539853825673 1.622389077782899 1.602529694072455
0.394994994994995 1.6334465381203453 1.627194714789923 1.6129995010872418 1.592893227665088
0.39569569569569574 1.6230993817932942 1.6166524159733626 1.6035250387225113 1.5831833122048176
0.39639639639639646 1.612659405140237 1.6060291999270864 1.5939673142670032 1.5734018409909107
0.3970970970970972 1.6021292488327294 1.5953271776452964 1.5843279512990134 1.563550707322635
0.3977977977977978 1.5915115629070358 1.5845484601221949 1.5746085733968394 1.5536318044992596
0.3984984984984985 1.5808090056655586 1.5736951583519803 1.564810804138774 1.5436470258200492
0.3991991991991992 1.570024242581468 1.562769383328855 1.5549362671031148 1.5335982645842718
0.39989989989989994 1.559159945207117 1.5517732460470204 1.5449865858681575 1.5234874140911956
0.40060060060060065 1.5482187900868845 1.5407088575006775 1.5349633840121986 1.513316367640088
0.40130130130130137 1.5372034576750448 1.529578328684028 1.5248682851135336 1.5030870185302163
0.402002002002002 1.5261166312592658 1.5183837705912746 1.5147029127504599 1.49280126006085
0.4027027027027027 1.5149609958903185 1.5071272942166147 1.5044688905012706 1.4824609855312527
0.4034034034034034 1.5037392373186096 1.4958110105542517 1.4941678419442628 1.4720680882406938
0.40410410410410413 1.4924540409380738 1.4844370305983863 1.483801390657733 1.4616244614884406
0.40480480480480485 1.4811080907380234 1.4730074653432204 1.4733711602199768 1.4511319985737612
0.40550550550550557 1.469704068263495 1.4615244257829545 1.4628787742092901 1.4405925927959222
0.4062062062062063 1.4582446515846454 1.4499900229117904 1.4523258562039691 1.4300081374541915
0.4069069069069069 1.4467325142757346 1.4384063677239305 1.4417140297823108 1.419380525847838
0.4076076076076076 1.4351703244042069 1.426775571213573 1.4310449185226086 1.4087116512761262
0.40830830830830833 1.4235607435304165 1.41509974437492 1.4203201460031596 1.3980034070383245
0.40900900900900905 1.4119064257184606 1.403380998202174 1.40954133580226 1.3872576864337014
0.40970970970970977 1.4002100165586404 1.3916214436895356 1.3987101114982055 1.376476382761524
0.4104104104104105 1.3884741522020183 1.3798231918312054 1.387828096669292 1.3656613893210592
0.4111111111111111 1.376701458407543 1.3679883536213873 1.3768969148938175 1.3548145994115768
0.4118118118118118 1.3648945496021851 1.3561190400542782 1.3659181897500743 1.3439379063323402
0.41251251251251253 1.3530560279545543 1.3442173621240814 1.35489354481636 1.3330332033826195
0.41321321321321325 1.3411884824623892 1.3322854308249985 1.3438246036709705 1.3221023838616814
0.41391391391391397 1.329294488054366 1.3203253571512301 1.3327129898922019 1.3111473410687937
0.4146146146146147 1.3173766047066144 1.3083392520969777 1.3215603270583505 1.3001699683032237
0.4153153153153153 1.3054373765743368 1.296329226656444 1.3103682387477127 1.2891721588642404
0.416016016016016 1.2934793311388924 1.2842973918238267 1.2991383485385821 1.2781558060511085
0.41671671671671673 1.2815049783707375 1.2722458585933296 1.2878722800092561 1.2671228031630963
0.41741741741741745 1.2695168099085319 1.2601767379591529 1.2765716567380307 1.256075043499472
0.41811811811811816 1.2575172982547704 1.248092140915498 1.2652381023032016 1.2450144203595028
0.4188188188188189 1.2455088959882492 1.2359941784565662 1.253873240283065 1.2339428270424562
0.4195195195195196 1.233494034993675 1.2238849615765588 1.242478694255917 1.2228621568475995
0.4202202202202202 1.2214751257087009 1.2117666012696793 1.2310560878000547 1.211774303074202
0.4209209209209209 1.209454556388664 1.199641208530124 1.2196070444937708 1.2006811590215278
0.42162162162162165 1.1974346923893036 1.187510894352097 1.2081331879153632 1.1895846179888458
0.42232232232232236 1.1854178754676707 1.1753777697297991 1.1966361416431275 1.178486573275424
0.4230230230230231 1.173406423101493 1.1632439456574315 1.18511752925536 1.1673889181805293
0.4237237237237238 1.1614026278271887 1.1511115331291952 1.1735789743303562 1.1562935460034292
0.4244244244244244 1.1494087565967468 1.1389826431392938 1.1620221004464142 1.1452023500433932
0.4251251251251251 1.1374270501536368 1.1268593866819245 1.150448531181826 1.1341172235996853
0.42582582582582584 1.125459722427954 1.1147438747512903 1.1388598901148899 1.1230400599715742
0.42652652652652656 1.1135089599509176 1.1026382183415924 1.1272578008239014 1.1119727524583283
0.4272272272272273 1.1015769212888895 1.0905445284470323 1.1156438868871565 1.100917194359214
0.427927927927928 1.0896657364970286 1.0784649160618107 1.1040197718829514 1.0898752789734996
0.4286286286286287 1.0777775065926982 1.066401492180129 1.0923870793895811 1.078848899600452
0.4293293293293293 1.0659143030487188 1.0543563677961905 1.0807474329853446 1.0678399495393407
0.43003003003003004 1.054078167306544 1.0423316539041927 1.0691024562485336 1.0568503220894296
0.43073073073073076 1.0422711103094493 1.0303294614983383 1.057453772757446 1.045881910549988
0.4314314314314315 1.0304951120557566 1.0183519015728284 1.0458030060903776 1.034936608220283
0.4321321321321322 1.0187521211721533 1.0064010851218648 1.0341517798256243 1.0240163083995826
0.4328328328328329 1.0070440545071278 0.9944791231396484 1.0225017175414821 1.013122904387154
0.4335335335335335 0.9953727967445305 0.9825881244996688 1.0108544444940941 1.0022582858857203
0.43423423423423424 0.9837402000372484 0.9707300133082613 0.9992117321218523 0.9914240292489326
0.43493493493493496 0.9721480836610044 0.9589063881422717 0.9875756094123804 0.9806211587606428
0.4356356356356357 0.9605982336882131 0.947118814442397 0.9759481315696289 0.9698506425086695
0.4363363363363364 0.9490924026818794 0.935368857649335 0.9643313537975485 0.9591134485808317
0.4370370370370371 0.937632309409468 0.9236580832037832 0.9527273313000901 0.9484105450649486
0.4377377377377377 0.9262196385766823 0.9119880565464411 0.9411381192812065 0.9377429000488409
0.43843843843843844 0.9148560405810569 0.9003603431180025 0.929565772944845 0.9271114816203241
0.43913913913913916 0.9035431312852948 0.8887765083591671 0.918012347494958 0.9165172578672188
0.4398398398398399 0.8922824918102094 0.8772381177106316 0.906479898135496 0.9059611968773442
0.4405405405405406 0.8810756683471739 0.8657467366130946 0.8949704800704106 0.8954442667385191
0.4412412412412413 0.8699241719899403 0.8543039305072533 0.8834861485036524 0.8849674355385628
0.44194194194194203 0.8588294785856856 0.8429112648338052 0.872028958639172 0.8745316713652944
0.44264264264264264 0.8477930286051303 0.8315703050334495 0.860600965680922 0.864137942306534
0.44334334334334335 0.8368162270315571 0.8202826165468803 0.8492042248328499 0.8537872164500975
0.4440440440440441 0.825900443268578 0.8090497648147973 0.8378407912989085 0.843480461883806
0.4447447447447448 0.8150470110664266 0.7978733152778974 0.826512720283048 0.8332186466954778
0.4454454454454455 0.8042572284666085 0.7867548333768786 0.81522206698922 0.8230027389729325
0.4461461461461462 0.7935323577646889 0.7756958845524384 0.8039708866213747 0.8128337068039888
0.44684684684684683 0.7828736254910069 0.7646980342452763 0.7927612343834651 0.8027125182764674
0.44754754754754755 0.7722822224090782 0.7537628478960863 0.7815951654794385 0.7926401414781844
0.44824824824824827 0.7617593035314775 0.7428918909455673 0.7704747351132475 0.7826175444969599
0.448948948948949 0.7513059881529244 0.7320867288344172 0.7594019984888425 0.7726456954206129
0.4496496496496497 0.7409233599003424 0.7213489270033334 0.7483790108101749 0.7627255623369628
0.4503503503503504 0.7306124667996238 0.7106800508930138 0.737407827281195 0.7528581133338282
0.45105105105105103 0.7203743213588327 0.7000816659441574 0.726490503105856 0.7430443164990301
0.45175175175175175 0.7102099006675647 0.6895553375974586 0.7156290934881049 0.7332851399203841
0.45245245245245247 0.7001201465121979 0.6791026312936163 0.7048256536318942 0.7235815516857109
0.4531531531531532 0.6901059655067204 0.6687251124733283 0.6940822387411751 0.7139345198828294
0.4538538538538539 0.680168229238856 0.6584243465772922 0.6834009040198983 0.7043450125995587
0.4545545545545546 0.6703077744311797 0.6482018990462055 0.6727837046720145 0.6948139979237178
0.45525525525525534 0.6605254031169144 0.6380593353207655 0.6622326959014744 0.6853424439431254
0.45595595595595595 0.6508218828300945 0.6279982208416721 0.651749932912231 0.6759313187456024
0.45665665665665667 0.6411979468097715 0.6180201210496188 0.6413374709082313 0.6665815904189648
0.4573573573573574 0.6316542942179572 0.6081266013853055 0.6309973650934282 0.6572942270510329
0.4580580580580581 0.6221915903709455 0.5983192272894292 0.6207316706717723 0.6480701967296257
0.4587587587587588 0.6128104669837027 0.5885995642026879 0.6105424428472146 0.6389104675425624
0.45945945945945954 0.6035115224269797 0.5789691775657786 0.6004317368237057 0.6298160075776618
0.46016016016016015 0.5942953219968095 0.5694296328194011 0.5904016078051982 0.6207877849227446
0.46086086086086087 0.585162398196033 0.5599824954042494 0.5804541109956398 0.6118267676656266
0.4615615615615616 0.5761132510275337 0.5506293307610228 0.5705913015989829 0.6029339238941284
0.4622622622622623 0.5671483482987957 0.5413717043304188 0.5608152348191783 0.5941102216960692
0.462962962962963 0.5582681259374608 0.5322111815531351 0.5511279658601769 0.5853566291592676
0.46366366366366374 0.5494729883175166 0.5231493278698689 0.5415315499259292 0.5766741143715428
0.46436436436436435 0.540763308595764 0.5141877087213198 0.5320280422203882 0.5680636454207154
0.46506506506506506 0.5321394290582008 0.505327889548182 0.5226194979475013 0.5595261903946014
0.4657657657657658 0.5236016614759782 0.4965714357911547 0.5133079723112208 0.5510627173810212
0.4664664664664665 0.5151502874705475 0.4879199128909354 0.5040955205154977 0.5426741944677939
0.4671671671671672 0.506785558887656 0.47937488628822167 0.4949841977642829 0.5343615897427384
0.46786786786786794 0.4985076981798227 0.47093792142371116 0.4859760592615271 0.5261258712936739
0.46856856856856866 0.49031689879693496 0.4626105837381014 0.4770731602111812 0.5179680072084192
0.46926926926926926 0.48221332558460955 0.45439443867209117 0.4682775558171973 0.5098889655747946
0.46996996996997 0.4741971151899468 0.4462910516663755 0.4595913012835237 0.5018897144806165
0.4706706706706707 0.46626837647434227 0.4383019881616532 0.4510164518141124 0.49397122201370536
0.4713713713713714 0.4584271909329708 0.43042881359862206 0.4425550626129145 0.4861344562618803
0.47207207207207214 0.4506736131206059 0.42267309341797943 0.4342091888838806 0.47838038531296
0.47277277277277285 0.44300767108341277 0.41503639306042284 0.4259808858309616 0.4707099772547636
0.47347347347347346 0.4354293667963647 0.40752027796665113 0.41787220865810965 0.46312420017511124
0.4741741741741742 0.427938676605925 0.40012631357735956 0.409885212569273 0.45562402216181963
0.4748748748748749 0.42053555167766415 0.3928560653332468 0.40202195276840386 0.448210411302709
0.4755755755755756 0.4132199184484417 0.3857110986750104 0.39428448445945297 0.4408843356855982
0.47627627627627633 0.4059916790828308 0.37869297904334803 0.3866748628463713 0.4336467633983065
0.47697697697697705 0.3988507119334341 0.37180327187895706 0.3791951431331095 0.4264986625286526
0.47767767767767777 0.3917968720047598 0.3650435426225354 0.37184738052361865 0.4194410011644557
0.4783783783783784 0.38482999142032404 0.35841535671478125 0.36463363022185047 0.41247474739353573
0.4790790790790791 0.3779498798926419 0.35192027959639044 0.3575559474317537 0.40560086930370975
0.4797797797797798 0.3711563251958012 0.3455598767080614 0.35061638735728035 0.39882033498279784
0.48048048048048053 0.3644490936402734 0.33933571349049163 0.343817005202381 0.3921341125186187
0.48118118118118125 0.35782793054966083 0.33324935538437883 0.3371598561710068 0.38554316999899163
0.48188188188188197 0.35129256073906073 0.32730236783042044 0.3306469954671084 0.3790484755117355
0.4825825825825826 0.3448426889947408 0.3214963162693151 0.3242804782946377 0.37265099714467026
0.4832832832832833 0.3384780005548145 0.3158327661417585 0.3180623598575436 0.36635170298561315
0.483983983983984 0.33219816159063364 0.31031328288844906 0.31199469535977786 0.360151561122384
0.48468468468468473 0.3260028196885841 0.3049394319500844 0.3060795400052913 0.35405153964280184
0.48538538538538545 0.31989160433200964 0.299712778767362 0.3003189489980348 0.3480526066346856
0.48608608608608617 0.313864127382977 0.29463488878097954 0.2947149775419593 0.34215573018585455
0.4867867867867868 0.30791998356360173 0.2897073274316353 0.2892696808410163 0.3363618783841283
0.4874874874874875 0.30205875093666135 0.28493166016002536 0.283985114099155 0.3306720193173242
0.4881881881881882 0.2962799913852388 0.2803094524068479 0.27886333252032725 0.3250871210732621
0.48888888888888893 0.2905832510911184 0.2758422696128006 0.2739063913084836 0.319608151739761
0.48958958958958965 0.2849680610116918 0.2715316772185811 0.2691163456675752 0.31423607940464005
0.49029029029029036 0.2794339373551195 0.26737924066488694 0.26449525080155273 0.3089718721557181
0.4909909909909911 0.27398038205350356 0.2633865253924155 0.26004516191436705 0.3038164980808142
0.4916916916916917 0.26860688323383675 0.2595550968418653 0.2557681342099697 0.2987709252677482
0.4923923923923924 0.26331291568649007 0.2558865204539323 0.25166622289231 0.2938361218043374
0.4930930930930931 0.2580979413310267 0.25238236166931494 0.24774148316533978 0.28901305577840175
0.49379379379379384 0.2529614096791055 0.24904418592871064 0.24399597023300967 0.28430269527776003
0.49449449449449456 0.2479027582942755 0.24587355867281707 0.24043173929927053 0.2797060083902315
0.4951951951951953 0.24292141324844804 0.24287204534233175 0.23705084556807324 0.27522396320363507
0.4958958958958959 0.23801678957484912 0.24004121137795273 0.2338553442433691 0.2708575278057904
0.4965965965965966 0.23318829171725344 0.23738262222037665 0.23084729052910802 0.26660767028451515
0.4972972972972973 0.2284353139753236 0.2348978433103014 0.22802873962924122 0.2624753587276289
0.49799799799799804 0.22375724094585947 0.2325884400884248 0.22540174674771965 0.25846156122295083
0.49869869869869876 0.21915344795979358 0.23045597799544426 0.22296836708849418 0.25456724585829993
0.4993993993993995 0.21462330151476033 0.22850202247205736 0.2207306558555155 0.25079338072149515
0.5001001001001001 0.21016615970307892 0.22672813448862297 0.2186906634117583 0.24714093181667274
0.5008008008008008 0.2057813726349911 0.22513360408324343 0.2168479809040514 0.2436098066368394
0.5015015015015015 0.2014682828570143 0.2237117623320213 0.21519574645733391 0.24019713512513474
0.5022022022022022 0.19722622576525503 0.22245497471781644 0.21372605254558535 0.2368995971491003
0.502902902902903 0.19305453001355682 0.22135560672348856 0.21243099164278523 0.2337138725762773
0.5036036036036037 0.1889525179163477 0.2204060238318974 0.2113026562229131 0.2306366412742072
0.5043043043043044 0.18491950584606734 0.21959859152590278 0.21033313875994866 0.22766458311043142
0.505005005005005 0.18095480462505434 0.21892567528836449 0.20951453172787143 0.22479437795249174
0.5057057057057057 0.1770577199117818 0.21837964060214218 0.20883892760066075 0.2220227056679287
0.5064064064064064 0.17322755258134429 0.2179528529500957 0.20829841885229633 0.21934624612428413
0.5071071071071072 0.16946359910008632 0.21763767781508475 0.2078850979567577 0.2167616791890994
0.5078078078078079 0.1657651518942893 0.2174264806799692 0.2075910573880244 0.21426568472991592
0.5085085085085086 0.16213149971282628 0.21731162702760876 0.20740838962007604 0.2118549426142751
0.5092092092092092 0.15856192798370627 0.21728548234086315 0.2073291871268922 0.20952613270971865
0.5099099099099099 0.1550557191644299 0.21734041210259217 0.20734554238245226 0.20727593488378723
0.5106106106106106 0.15161215308609652 0.21746878179565568 0.20744954786073597 0.20510102900402266
0.5113113113113114 0.14823050729118864 0.21766295690291335 0.2076332960357228 0.20299809493796628
0.5120120120120121 0.1449100573649845 0.21791530290722497 0.20788887938139233 0.20096381255315954
0.5127127127127128 0.1416500772605454 0.21821818529145032 0.2082083903717241 0.19899486171714376
0.5134134134134134 0.13844983961723084 0.21856396953844906 0.20858392148069754 0.1970879222974606
0.5141141141141141 0.13530861607269973 0.2189450211310811 0.20900756518229247 0.195239674161651
0.5148148148148148 0.13222567756836837 0.21935370555220615 0.20947141395048824 0.19344679717725646
0.5155155155155156 0.12920029464828664 0.21978238828468402 0.20996756025926447 0.19170597121181854
0.5162162162162163 0.12623173775141383 0.2202234348113745 0.2104880965826008 0.19001387613287857
0.516916916916917 0.12331927749727256 0.22066921061513725 0.2110251153944767 0.18836719180797795
0.5176176176176177 0.12046218496496482 0.22111208117883205 0.21157070916887158 0.18676259810465798
0.5183183183183183 0.11765973196554219 0.22154441198531868 0.21211697037976515 0.1851967748904605
0.519019019019019 0.11491119130772165 0.221958568517457 0.21265599150113706 0.18366640203292617
0.5197197197197198 0.11221583705695273 0.22234691625810674 0.21317986500696676 0.18216815939959682
0.5204204204204205 0.10957294478783143 0.22270182069012753 0.21368068337123375 0.1806987268580137
0.5211211211211212 0.10698179182987612 0.22301564729637932 0.21415053906791762 0.17925478427571828
0.5218218218218219 0.10444165750667479 0.2232807615597218 0.214581524570998 0.17783301152025194
0.5225225225225225 0.10195182336842203 0.2234895289630147 0.21496573235445432 0.17643008845915628
0.5232232232232232 0.0995115734178638 0.22363431498911793 0.21529525489226636 0.17504269495997232
0.523923923923924 0.09712019432968129 0.22370748512089106 0.2155621846584134 0.17366751089024157
0.5246246246246247 0.0947769756633342 0.22370140484119397 0.21575861412687514 0.17230121611750546
0.5253253253253254 0.09248121006940298 0.22360843963288637 0.21587663577163108 0.17094049050930538
0.5260260260260261 0.0902321934894623 0.2234209549788281 0.21590834206666082 0.16958201393318273
0.5267267267267267 0.08802922534952774 0.223131316361879 0.21584582548594394 0.1682224662566791
0.5274274274274274 0.08587160874711566 0.22273188926489862 0.21568117850345994 0.1668585273473355
0.5281281281281281 0.08375865063196859 0.22221503917074686 0.2154064935931884 0.1654868770726935
0.5288288288288289 0.08168966198048816 0.2215731315622834 0.2150138632291088 0.1641041953002944
0.5295295295295296 0.07966395796393376 0.22079853192236812 0.21449537988520076 0.16270716189767978
0.5302302302302303 0.0776808581104404 0.21988360573386076 0.21384313603544391 0.16129245673239093
0.530930930930931 0.0757396864609146 0.21882071847962098 0.21304922415381763 0.15985675967196916
0.5316316316316316 0.07383977171886927 0.21760223564250894 0.21210573671430183 0.1583967505839563
0.5323323323323323 0.07198044739426003 0.21622052270538386 0.2110047661908756 0.15690910933589308
0.5330330330330331 0.07016105194139337 0.21466794515110577 0.20973840505751876 0.15539051579532123
0.5337337337337338 0.06838092889096938 0.21293686846253437 0.20829874578821073 0.1538376498297821
0.5344344344344345 0.066639426976334 0.21101965812252954 0.20667788085693123 0.15224719130681713
0.5351351351351352 0.06493590025401232 0.2089086796139509 0.20486790273765962 0.15061582009396762
0.5358358358358358 0.06326970821859831 0.20659629841965868 0.20286090390437594 0.1489402160587753
0.5365365365365365 0.06164021591207655 0.20407488002251192 0.20064897683105906 0.14721705906878102
0.5372372372372373 0.060046794027658036 0.20133678990537068 0.19822421399168882 0.14544302899152642
0.537937937937938 0.05848881900820594 0.19837439355109485 0.1955787078602448 0.1436148056945529
0.5386386386386387 0.05696567313933676 0.1951800564425441 0.19270455091070662 0.1417290690454019
0.5393393393393394 0.055476744637279356 0.1917461440625782 0.18959383561705367 0.1397824989116147
0.5400400400400401 0.054021427731576366 0.18806502189405697 0.18623865445326565 0.1377717751607328
0.5407407407407407 0.05259912274271499 0.1841290554198408 0.18263109989332266 0.13569357766029788
0.5414414414414415 0.051209236154773054 0.17993061342871833 0.17876326763464384 0.13354458730266466
0.5421421421421422 0.04985118068317216 0.17546817009880536 0.17463320642258726 0.1313233776059508
0.5428428428428429 0.04852437533762284 0.17075895394402524 0.17025725138101097 0.1290343357943627
0.5435435435435436 0.047228245480355716 0.16582378262618142 0.16565523722540373 0.12668296170153742
0.5442442442442443 0.04596222287972828 0.16068347380707737 0.1608469986712542 0.12427475516111205
0.5449449449449449 0.04472574575929976 0.1553588451485175 0.15585237043405203 0.12181521600672414
0.5456456456456457 0.043518258842465324 0.14987071431230364 0.1506911872292844 0.11930984407200997
0.5463463463463464 0.04233921339274574 0.14423989896024006 0.1453832837724408 0.116764139190607
0.5470470470470471 0.041188067249821964 0.13848721675413028 0.13994849477900986 0.11418360119615231
0.5477477477477478 0.0400642848614116 0.1326334853557778 0.13440665496448045 0.11157372992228304
0.5484484484484485 0.03896733731108006 0.12669952242698618 0.12877759904434133 0.10894002520263626
0.5491491491491491 0.03789670234208139 0.12070614562955981 0.1230811617340821 0.1062879868708495
0.5498498498498499 0.03685186437732172 0.11467417262530036 0.11733717774918967 0.103623114760559
0.5505505505505506 0.03583231453554322 0.1086244210760122 0.11156548180515369 0.10095090870540228
0.5512512512512513 0.03483755064381875 0.10257770864349883 0.10578590861746293 0.09827686853901639
0.551951951951952 0.033867077246454914 0.09655485298956382 0.10001829290160613 0.09560649409503846
0.5526526526526527 0.032920405610396185 0.09057667177601067 0.09428246937307205 0.0929452852071056
0.5533533533533534 0.03199705372722462 0.08466398266464281 0.0885982727473494 0.09029874170885488
0.5540540540540541 0.03109654631184858 0.07883760331726472 0.08298553773992781 0.08767236343392382
0.5547547547547548 0.03021841479797347 0.07311835139567804 0.07746409906629427 0.08507165021594865
0.5554554554554555 0.02936219733044895 0.06752704456168723 0.07205379144193841 0.08250210188856691
0.5561561561561562 0.02852743875458245 0.062084500477095725 0.06677444958234893 0.0799692182854157
0.5568568568568569 0.02771369060251296 0.05681153680370711 0.061645908203014674 0.07747849924013209
0.5575575575575576 0.026920511076735234 0.051728971203324814 0.05668800201942426 0.07503544458635318
0.5582582582582583 0.026147465030865614 0.046857621337753154 0.05192056574706729 0.07264555415771644
0.558958958958959 0.025394123947738264 0.04221830486879404 0.04736343410143089 0.0703143277878582
0.5596596596596597 0.02466006591492288 0.0378318394582518 0.04303644179800466 0.06804726531041595
0.5603603603603604 0.02394487559774977 0.03371904276792992 0.038959423552277266 0.06584986655902676
0.5610610610610611 0.0232481442099314 0.02990073245963188 0.03515221407973752 0.06372763136732776
0.5617617617617618 0.022569469481866583 0.026397726195161224 0.03163464809587413 0.06168605956895601
0.5624624624624625 0.02190845562671253 0.023229876288472992 0.028425659899160786 0.05973042962986518
0.5631631631631632 0.02126471330430957 0.02040014028223889 0.025528425386005235 0.05786214581005212
0.5638638638638639 0.02063785958304298 0.01789709059853168 0.022932702898332623 0.0560793136613535
0.5645645645645646 0.020027517899722815 0.015708840314100213 0.020627822329042117 0.05437993340133642
0.5652652652652653 0.019433318017564795 0.01382350250569328 0.01860311357103281 0.05276200524756796
0.565965965965966 0.01885489598235183 0.012229190250059738 0.016847906517203866 0.051223529417615196
0.5666666666666668 0.018291894076855643 0.010914016623948398 0.015351531060454386 0.049762506129045245
0.5673673673673674 0.017743960773596662 0.00986609470410827 0.014103317093683704 0.048376935599425394
0.5680680680680681 0.01721075068601834 0.009073537567287841 0.013092594509790549 0.04706481804632229
0.5687687687687688 0.016691924518153323 0.008524458290236098 0.012308693201674263 0.04582415368730325
0.5694694694694695 0.016187149012853494 0.008206969949701909 0.011740943062233986 0.04465294273993538
0.5701701701701702 0.01569609689865889 0.008109185622434102 0.011378673984368863 0.043549185421785735
0.570870870870871 0.015218446835376686 0.008219218385181505 0.011211215860978 0.04251088195042143
0.5715715715715716 0.014753883358440795 0.008525181314692883 0.011227898584960525 0.04153603254340969
0.5722722722722723 0.01430209682212122 0.009015187487717152 0.01141805204921556 0.0406226374183173
0.572972972972973 0.01386278334165193 0.009677349981003135 0.011771006146642268 0.03976869679271153
0.5736736736736737 0.013435644734342594 0.010499781871299664 0.012276090770139796 0.03897221088415942
0.5743743743743744 0.01302038845974034 0.011470596235355568 0.012922635812607247 0.03823117991022809
0.5750750750750752 0.01261672755890524 0.01257790614991966 0.013699971166943749 0.03754360408848463
0.5757757757757758 0.012224380592861859 0.01380982469174058 0.014597426726048288 0.03690748363649622
0.5764764764764765 0.011843071580287997 0.015154464937567572 0.015604332382820309 0.03632081877182974
0.5771771771771772 0.011472529934501053 0.01659993996414926 0.01671001803015877 0.0357816097120524
0.5778778778778779 0.01111249039979932 0.018134362848234463 0.017903813560962822 0.03528785667473128
0.5785785785785786 0.01076269298721613 0.01974584666657206 0.019175048868131615 0.034837559877433456
0.5792792792792794 0.010422882909742148 0.021422504495910807 0.020513053844564234 0.034428719537726034
0.5799799799799801 0.010092810517069957 0.02315244941299962 0.021907158383159854 0.0340593358731761
0.5806806806806807 0.009772231229914071 0.024923794494586995 0.023346692376817368 0.03372740910135079
0.5813813813813814 0.009460905473957464 0.02672465281742234 0.024820985718436328 0.03343093943981708
0.5820820820820821 0.009158598613475458 0.028543137458254222 0.0263193683009157 0.03316792710614214
0.5827827827827828 0.008865080884684703 0.03036736149383145 0.02783117001715456 0.032936372317893016
0.5834834834834836 0.008580127328865478 0.03218543800090287 0.029345720760052083 0.032734275292636825
0.5841841841841843 0.00830351772530288 0.03398548005621732 0.030852350422507377 0.03255963624794067
0.5848848848848849 0.008035036524091847 0.035755600736523334 0.03234038889741936 0.032410455401371635
0.5855855855855856 0.007774472778848879 0.03748391311857033 0.0337991660776876 0.03228473297049676
0.5862862862862863 0.007521620079373255 0.039158530279106846 0.035218011856211026 0.03218046917288318
0.586986986986987 0.007276276484297477 0.04076756529488169 0.03658625612588873 0.03209566422609797
0.5876876876876878 0.0070382444537670265 0.042299131242643735 0.0378932287796199 0.032028318347708216
0.5883883883883885 0.006807330782187139 0.04374134119914178 0.03912825971030362 0.03197643175528102
0.5890890890890892 0.006583346531073514 0.045082308241124705 0.040280678810839056 0.03193800466638346
0.5897897897897898 0.006366106962042401 0.04631014544534112 0.04133981597412516 0.03191103729858263
0.5904904904904905 0.0061554314699742855 0.04741296588854022 0.042295001093061384 0.03189352986944561
0.5911911911911912 0.005951143516384474 0.04837888264747068 0.04313556406054672 0.0318834825965395
0.591891891891892 0.005753070563031853 0.049196008798881335 0.0438508347694803 0.03187889569743138
0.5925925925925927 0.005561044005796792 0.049852457419521 0.04443014311276122 0.03187776938968835
0.5932932932932934 0.00537489910885745 0.05033640347326075 0.044862873725201806 0.03187811052022326
0.593993993993994 0.00519447493919268 0.05064216247007006 0.04514384282784811 0.031878583710973095
0.5946946946946947 0.005019614301438425 0.0507753119377498 0.04527782839759635 0.031879059970722476
0.5953953953953954 0.004850163673123929 0.050742635265425315 0.04527067504933619 0.03187953948006732
0.5960960960960962 0.004685973140311941 0.050550915842221975 0.04512822739795741 0.031880022419603554
0.5967967967967969 0.004526896333667047 0.050206937057265213 0.04485633005834979 0.03188050896992711
0.5974974974974976 0.00437279036497449 0.049717482299680434 0.04446082764540312 0.031880999311633906
0.5981981981981982 0.004223515764131078 0.04908933495859313 0.04394756477400727 0.03188149362531986
0.5988988988988989 0.004078936416628455 0.04832927842312854 0.043322386059051865 0.031881992091580894
0.5995995995995996 0.00393891950154858 0.04744409608241213 0.04259113611542673 0.03188249489101293
0.6003003003003003 0.0038033354300893397 0.04644057132556933 0.04175965955802166 0.031883002204211905
0.6010010010010011 0.003672057784638046 0.04532548754172551 0.0408338010017264 0.03188351421177371
0.6017017017017017 0.003544963258409238 0.04410562812000628 0.03981940506143096 0.0318840310942943
0.6024024024024024 0.003421931595662193 0.042787776449536685 0.03872231635202476 0.03188455303236959
0.6031031031031031 0.003302845532512984 0.04137871591944229 0.03754837948839772 0.03188508020659549
0.6038038038038038 0.003187590738354476 0.03988522991884852 0.03630343908543965 0.031885612797567936
0.6045045045045045 0.003076055757897256 0.03831410183688074 0.034993339758040296 0.031886150985882836
0.6052052052052053 0.002968131953843409 0.03667211506266439 0.03362392612108944 0.03188669495213613
0.6059059059059059 0.0028637134502042427 0.03496605298532516 0.032201042789477136 0.03188724487692374
0.6066066066066066 0.0027626970762720865 0.03320269899398788 0.03073053437809265 0.031887800940841565
0.6073073073073073 0.0026649823112559617 0.03138883647777822 0.02921824550182603 0.031888363324485546
0.608008008008008 0.0025704712295894576 0.02953124882582161 0.027670020775567017 0.031888932208451605
0.6087087087087087 0.0024790684469189654 0.02763671942724342 0.02609170481420541 0.03188950777333567
0.6094094094094095 0.0023906810667794006 0.025712031671169096 0.024489142232630982 0.03189009019973365
0.6101101101101102 0.0023052186279638796 0.023763968946724015 0.022868177645733526 0.03189067966824148
0.6108108108108108 0.002222593052593149 0.021799314643033897 0.021234655668403067 0.03189127635945507
0.6115115115115115 0.0021427185948898145 0.01982485214922352 0.019594420915528862 0.031891880453970345
0.6122122122122122 0.0020655117906619278 0.017847364854418617 0.017953318002000958 0.03189249213238324
0.6129129129129129 0.001990891407499548 0.01587363614774457 0.016317191542709136 0.03189311157528967
0.6136136136136137 0.001918778395687657 0.013910449418326781 0.014691886152543146 0.03189373896328555
0.6143143143143144 0.0018490958398378519 0.011964588055290666 0.01308324644639279 0.03189437447696681
0.615015015015015 0.0017817689112409611 0.010042835447761932 0.011497117039148096 0.03189501829692938
0.6157157157157157 0.0017167248209418906 0.008151974984865383 0.009939342545698344 0.031895670603769175
0.6164164164164164 0.001653892773537785 0.0062987900557267135 0.008415767580933563 0.03189633157808211
0.6171171171171171 0.0015932039216997045 0.004490064049471332 0.0069322367597435194 0.03189700140046413
0.6178178178178179 0.0015345913214178334 0.0027325803552246328 0.005494594697017997 0.03189768025151112
0.6185185185185186 0.0014779898879695803 0.0010331223621120322 0.004108686007646779 0.03189836831181903
0.6192192192192192 0.0014233363526094946 -0.0006015265407408182 0.0027803553065198425 0.0318990657619838
0.6199199199199199 0.0013705692199794824 -0.0021645829642090164 0.0015154472085265672 0.03189977278260131
0.6206206206206206 0.0013196287262374623 -0.0036492635191669315 0.0003198063285569097 0.03190048955426751
0.6213213213213213 0.0012704567979019649 -0.005048784816489099 -0.0008007227184993124 0.03190121625757831
0.6220220220220221 0.0012229970114100402 -0.00635636346705018 -0.001840295317752351 0.03190195307312964
0.6227227227227228 0.0011771945533852976 -0.007565216081724731 -0.0027930668543124093 0.031902700181517425
0.6234234234234235 0.001132996181612593 -0.008668559271387342 -0.0036531927132897116 0.031903457763337584
0.6241241241241241 0.0010903501867155245 -0.00965960964691251 -0.004414828279794392 0.03190422599918604
0.6248248248248248 0.0010492063545325498 -0.010531583819175079 -0.005072128938936868 0.03190500506965871
0.6255255255255255 0.0010095159291873147 -0.01127769839904954 -0.005619250075827267 0.031905795155351524
0.6262262262262263 0.0009712315768482917 -0.011891169997410439 -0.0060503470755758 0.031906596436860404
0.626926926926927 0.000934307350172761 -0.012365215225132418 -0.0063595753232926905 0.03190740909478128
0.6276276276276277 0.0008986986534297475 -0.012693050693090027 -0.0065410902040881486 0.03190823330971004
0.6283283283283283 0.0008643622082963496 -0.012867893012157877 -0.006589047103072405 0.03190906926224265
0.629029029029029 0.0008312560203215659 -0.012882958793210608 -0.006497601405355706 0.031909917132975016
0.6297297297297297 0.0007993393460516716 -0.012731464647122777 -0.00626090849604824 0.03191077710250305
0.6304304304304305 0.0007685726608107298 -0.012406627184768995 -0.005873123760260245 0.03191164935142269
0.6311311311311312 0.0007389176271298572 -0.011901663017023834 -0.005328402583101931 0.031912534060329845
0.6318318318318319 0.0007103370638185353 -0.011209788754761897 -0.004620900349683522 0.03191343140982045
0.6325325325325326 0.0006827949156711377 -0.010324221008857798 -0.0037447724451152437 0.03191434158049043
0.6332332332332332 0.0006562562238016628 -0.009238176390186287 -0.002694174254507478 0.031915264752935685
0.6339339339339339 0.0006306870965994837 -0.00794487150962167 -0.0014632611629701586 0.03191620110775217
0.6346346346346347 0.0006060546812988846 -0.0064375618484107805 -4.622332260924983e-05 0.03191714790524775
0.6353353353353354 0.0005823271361548516 -0.0047162236542698105 0.0015567378301486745 0.031917597481986235
0.6360360360360361 0.0005594736032176593 -0.002795142719440147 0.003332621910865523 0.03191596711429367
0.6367367367367368 0.0005374641816985277 -0.0006904390587714193 0.005266787943415292 0.031910536275382276
0.6374374374374374 0.0005162699019186293 0.0015817673128863258 0.007344594951671689 0.03189958443846428
0.6381381381381381 0.0004958626998335652 0.004005356380684166 0.009551401959509404 0.03188139107675189
0.6388388388388389 0.0004762153921254335 0.00656420812977207 0.011872567990802135 0.031854235663457325
0.6395395395395396 0.00045730165185442934 0.009242202545300372 0.014293452069423875 0.031816397671792805
0.6402402402402403 0.00043909598466195725 0.012023219612419485 0.016799413219248716 0.03176615657497055
0.640940940940941 0.0004215737055171467 0.014891139316279688 0.019375810464150642 0.03170179184620277
0.6416416416416416 0.0004047109159985936 0.017829841642030886 0.022008002828003255 0.031621582958701704
0.6423423423423423 0.0003884844821031386 0.020823206574824338 0.024681349334681427 0.03152380938567952
0.643043043043043 0.0003728720125734976 0.023855114099809928 0.027381209008058773 0.03140675060034849
0.6437437437437438 0.0003578518377364486 0.02690944420213802 0.030092940872009317 0.031268686075920815
0.6444444444444445 0.00034340298884335635 0.02997007686695894 0.03280190395040708 0.0311078952856087
0.6451451451451452 0.0003295051779047653 0.03302089207942302 0.0354934572671261 0.030922657702624375
0.6458458458458459 0.0003161387780107919 0.03604576982468061 0.03815295984604038 0.03071125280018004
0.6465465465465465 0.0003032848041290674 0.0390285900878816 0.04076577071102353 0.03047196005148798
0.6472472472472472 0.00029092489437197787 0.04195323285417731 0.04331724888595048 0.030203058929760322
0.647947947947948 0.00027904129172499415 0.04480357810871753 0.04579275339469474 0.029902828908209316
0.6486486486486487 0.00026761682622786204 0.04756350583665265 0.0481776432611304 0.029569549460047185
0.6493493493493494 0.0002566348976005031 0.050216896023133006 0.050457277509131454 0.029201500058486145
0.6500500500500501 0.00024607945830547486 0.05274762865330893 0.052617015162571924 0.028796960176738412
0.6507507507507507 0.00023593499703889408 0.05513958371233045 0.05464221524532557 0.028354209288016286
0.6514514514514514 0.00022618652264175726 0.05737664118534858 0.056518236781266995 0.027871526865531824
0.6521521521521522 0.00021681954842367609 0.059442681057513366 0.05823043879426996 0.02734719238249734
0.6528528528528529 0.00020782007689103268 0.061321583313975095 0.059764180308208445 0.02677948531212503
0.6535535535535536 0.0001991745848716867 0.0629972279398841 0.06110482034695648 0.02616668512762712
0.6542542542542543 0.00019087000902837543 0.06445349492039078 0.06223771793438813 0.025507071302215824
0.6549549549549549 0.00018289373175304222 0.06567426424064526 0.06314823209437723 0.024798923309103472
0.6556556556556556 0.00017523356743436773 0.0666446253377563 0.06382286684597412 0.024040742352178977
0.6563563563563564 0.0001678777490908864 0.0673626161926761 0.064260384669707 0.02323340351167483
0.6570570570570571 0.00016081491536209483 0.06783412957209844 0.06446698421727456 0.022379221897704596
0.6577577577577578 0.00015403409785008057 0.06806516845402673 0.064448968478061 0.02148053282558976
0.6584584584584585 0.00014752470880424943 0.06806173581646445 0.06421264044145043 0.020539671610651823
0.6591591591591592 0.00014127652914181808 0.06782983463741503 0.063764303096827 0.019558973568212262
0.6598598598598598 0.0001352796967968287 0.06737546789488197 0.06311025943357494 0.01854077401359273
0.6605605605605606 0.00012952469539051004 0.06670463856686862 0.06225681244107824 0.017487408262114406
0.6612612612612613 0.00012400234321592368 0.06582334963137842 0.06121026510872108 0.016401211629098935
0.661961961961962 0.00011870378252988765 0.06473760406641486 0.05997692042588762 0.015284519429867797
0.6626626626626627 0.00011362046914529253 0.06345340484998135 0.058563081381961986 0.014139666979742484
0.6633633633633634 0.00010874416231699814 0.06197675496008133 0.056975050966328336 0.012968989594044491
0.664064064064064 0.00010406691491459767 0.060313657374718554 0.055219132168371106 0.011774822588095504
0.6647647647647648 9.958106387542548e-05 0.058470115071895895 0.053301627977473856 0.010559501277216622
0.6654654654654655 9.527922093129602e-05 0.05645213102961708 0.05122884138302103 0.009325360976729528
0.6661661661661662 9.115426360253124e-05 0.054265708225885514 0.049007075374396705 0.008074737001955707
0.6668668668668669 8.7199326452955e-05 0.05191684963870467 0.046642632940985085 0.006809964668216656
0.6675675675675676 8.340779259961864e-05 0.04941155824607796 0.04414181707217028 0.005533379290833857
0.6682682682682682 7.977328547112354e-05 0.04675583702600928 0.04151093075733687 0.004247316185129014
0.668968968968969 7.628966080850002e-05 0.04395568895650122 0.03875627698586815 0.0029541106664232007
0.6696696696696697 7.29509989027158e-05 0.04101711701555763 0.03588415874714868 0.0016560980500381125
0.6703703703703704 6.975159706296315e-05 0.037946124181181956 0.032900879030562595 0.00035561365129523764
0.6710710710710711 6.668596230999596e-05 0.03474871343137764 0.029812740825494018 -0.0009450072144839353
0.6717717717717718 6.37488042888752e-05 0.03143088774414812 0.02662604712132712 -0.0022434292319779073
0.6724724724724725 6.0935028395582305e-05 0.027998650097496837 0.02334710090744602 -0.0035373170858652037
0.6731731731731732 5.823972911206358e-05 0.024458003469427794 0.019982205173235408 -0.004824335460824121
0.6738738738738739 5.565818354436066e-05 0.02081495083794333 0.016537662908078364 -0.0061021490415335815
0.6745745745745746 5.3185845158593026e-05 0.017075495181047416 0.013019777101359532 -0.00736842251267189
0.6752752752752753 5.081833770964132e-05 0.013245639476743511 0.00943485074246308 -0.00862082055891755
0.675975975975976 4.85514493574921e-05 0.009331390166057335 0.005789188732669123 -0.009857009467536086
0.6766766766766767 4.6381126966296216e-05 0.005340006467065822 0.0020897876174980528 -0.011075235274940639
0.6773773773773774 4.430347058129027e-05 0.0012818546638963613 -0.0016546406810099207 -0.012275181878249145
0.6780780780780781 4.23147280788273e-05 -0.002832225524468052 -0.005435122862710776 -0.01345675226660039
0.6787787787787788 4.041128998486409e-05 -0.0069913943790425315 -0.009242685627458749 -0.014619849429132595
0.6794794794794795 3.858968445733604e-05 -0.011184812180842807 -0.013068355675108653 -0.01576437635498415
0.6801801801801802 3.6846572427958224e-05 -0.01540163921088461 -0.016903159705515293 -0.01689023603329346
0.680880880880881 3.5178742899075496e-05 -0.019631035750183667 -0.020738124418533472 -0.017997331453198935
0.6815815815815817 3.3583108391282014e-05 -0.023862162079755743 -0.024564276514018026 -0.019085565603838978
0.6822822822822823 3.205670053762085e-05 -0.028084178480615878 -0.028372642691823147 -0.020154841474351818
0.682982982982983 3.0596665820264174e-05 -0.032286245233781166 -0.03215424965180488 -0.02120506205387621
0.6836836836836837 2.9200261445668864e-05 -0.03645752262026664 -0.03590012409381738 -0.02223613033155037
0.6843843843843844 2.7864851354284843e-05 -0.040587170921088093 -0.03960129271771552 -0.02324794929651272
0.6850850850850851 2.658790236098732e-05 -0.0446643504172612 -0.04324878222335408 -0.024240421937901647
0.6857857857857859 2.5366980422487276e-05 -0.04867822138980172 -0.04683361931058786 -0.025213451244855564
0.6864864864864865 2.4199747028062906e-05 -0.05261794411972477 -0.05034683067927115 -0.026166940206512723
0.6871871871871872 2.3083955710036144e-05 -0.05647267888804735 -0.053779443029259855 -0.027100791812011825
0.6878878878878879 2.2017448670506858e-05 -0.060231585975784534 -0.05712248306040824 -0.028014909050491133
0.6885885885885886 2.0998153520933357e-05 -0.06388382566395209 -0.06036697747257111 -0.028909194911089037
0.6892892892892893 2.002408013123513e-05 -0.06741855823356575 -0.06350395296560328 -0.02978355238294395
0.6899899899899901 1.9093317585169624e-05 -0.07082494396564121 -0.06652443623935954 -0.030637884455194272
0.6906906906906907 1.8204031238815998e-05 -0.07409214314119372 -0.06941945399369427 -0.03147209411697827
0.6913913913913914 1.735445987907401e-05 -0.0772093160412401 -0.07218003292846323 -0.03228608435743462
0.6920920920920921 1.6542912979167e-05 -0.0801656229467955 -0.07479719974352074 -0.033079758165701606
0.6927927927927928 1.5767768048206198e-05 -0.08295022413887565 -0.0772619811387216 -0.03385301853091761
0.6934934934934935 1.502746807195477e-05 -0.08555227989849629 -0.07956540381392058 -0.034605768442221026
0.6941941941941943 1.4320519041997081e-05 -0.08796095050667321 -0.08169849446897261 -0.03533791088875028
0.694894894894895 1.3645487570593482e-05 -0.0901653962444221 -0.0836522798037324 -0.036049348859643775
0.6955955955955956 1.3000998588569162e-05 -0.09215477739275836 -0.08541778651805451 -0.03673998534403979
0.6962962962962963 1.2385733123654546e-05 -0.09391825423269848 -0.0869860413117944 -0.03740972333107697
0.696996996996997 1.1798426156764816e-05 -0.09544498704525772 -0.08834807088480645 -0.03805846580989358
0.6976976976976977 1.1237864553767692e-05 -0.09672413611145189 -0.08949490193694558 -0.03868611576962805
0.6983983983983985 1.0702885070358817e-05 -0.09774486171229672 -0.09041756116806658 -0.039292576199418776
0.6990990990990992 1.0192372427724466e-05 -0.09849632412880793 -0.0911070752780242 -0.03987775008840415
0.6997997997997998 9.705257456735269e-06 -0.09896768364200126 -0.0915544709666733 -0.040441540425722504
0.7005005005005005 9.240515308475605e-06 -0.09914810053289247 -0.09175077493386874 -0.040983850200512394
0.7012012012012012 8.797163728974196e-06 -0.09902673508249733 -0.09168701387946529 -0.04150458240191217
0.7019019019019019 8.374261396058581e-06 -0.09859274757183151 -0.09135421450331778 -0.042003640019060214
0.7026026026026027 7.970906316315745e-06 -0.09783529828191076 -0.09074340350528098 -0.04248092604109492
0.7033033033033034 7.586234280196361e-06 -0.09674354749375079 -0.08984560758520972 -0.04293634345715471
0.704004004004004 7.219417373355926e-06 -0.09530665548836766 -0.08865185344295903 -0.04336979525637792
0.7047047047047047 6.869662542379578e-06 -0.09351378254677654 -0.08715316777838333 -0.043781184427903075
0.7054054054054054 6.536210213091211e-06 -0.09135408894999347 -0.08534057729133762 -0.04417041396086853
0.7061061061061061 6.21833295969779e-06 -0.08881673497903415 -0.0832051086816767 -0.04453738684441268
0.7068068068068069 5.915334223071603e-06 -0.08589088091491431 -0.08073778864925538 -0.04488200606767391
0.7075075075075076 5.626547076521785e-06 -0.0825708541479771 -0.07793399383135463 -0.04520431395677639
0.7082082082082083 5.3513330374550754e-06 -0.07888144396662947 -0.07481474525209979 -0.04550517427760623
0.7089089089089089 5.089080923372705e-06 -0.0748585642577623 -0.07141042919271254 -0.04578575078351296
0.7096096096096096 4.8392057506961045e-06 -0.07053814528577523 -0.06775144572184075 -0.04604720766948439
0.7103103103103103 4.601147674960124e-06 -0.0659561173150699 -0.06386819490813392 -0.04629070913050824
0.711011011011011 4.37437097095453e-06 -0.061148410610047214 -0.05979107682024102 -0.046517419361572276
0.7117117117117118 4.158363051438981e-06 -0.05615095543510824 -0.05555049152681102 -0.04672850255766424
0.7124124124124125 3.9526335230975695e-06 -0.05099968205465389 -0.0511768390964929 -0.04692512291377189
0.7131131131131131 3.756713278439874e-06 -0.04573052073308601 -0.046700519597936356 -0.04710844462488298
0.7138138138138138 3.570153622395232e-06 -0.040379401734803914 -0.04215193309978893 -0.0472796318859853
0.7145145145145145 3.392525432385836e-06 -0.03498225532420939 -0.03756147967070032 -0.04743984889206657
0.7152152152152152 3.2234183507012677e-06 -0.029575011765703416 -0.032959559379319464 -0.04759025983811457
0.715915915915916 3.062440008034801e-06 -0.02419360132368696 -0.02837657229429537 -0.04773202891911703
0.7166166166166167 2.9092152770768025e-06 -0.01887395426256104 -0.023842918484277012 -0.04786632033006173
0.7173173173173173 2.7633855550957544e-06 -0.01365200084672745 -0.01938899801791407 -0.0479942982659364
0.718018018018018 2.6246080744713473e-06 -0.008563671340585471 -0.015045210963854048 -0.04811712692172884
0.7187187187187187 2.492555240177274e-06 -0.0036448960085369436 -0.010841957390746712 -0.04823597049242678
0.7194194194194194 2.3669139932429104e-06 0.001068394885017171 -0.006809637367241002 -0.048351993173017985
0.7201201201201202 2.247385199255167e-06 0.005540271075675868 -0.0029786509619859 -0.048466359158490194
0.7208208208208209 2.133683060991605e-06 0.009734802299038198 0.0006206017563696598 -0.04858023264383119
0.7215215215215216 2.0255345543058463e-06 0.013616058290703156 0.00395772071917664 -0.0486947778240287
0.7222222222222222 1.922678886414884e-06 0.017148108786269226 0.0070023058577856345 -0.048811158894070485
0.7229229229229229 1.8248669757659423e-06 0.02029502352133658 0.00972395710354864 -0.04893054004894433
0.7236236236236236 1.7318609526879056e-06 0.02302087223150366 0.012092274387816182 -0.049054085483637974
0.7243243243243244 1.6434336800582894e-06 0.025289724652369464 0.014076857641939264 -0.04918295939313917
0.7250250250250251 1.559368293242976e-06 0.02706565051953301 0.015647306797268903 -0.0493183259724357
0.7257257257257258 1.4794577585903636e-06 0.02831271956859331 0.01677322178515614 -0.04946134941651527
0.7264264264264264 1.4035044497861731e-06 0.028995001535149376 0.017424202536951955 -0.04961319392036566
0.7271271271271271 1.33131974139825e-06 0.02907656615480038 0.017569848984007555 -0.04977502367897464
0.7278278278278278 1.2627236189641006e-06 0.028521965380172126 0.017180162438742833 -0.04994799059814985
0.7285285285285286 1.1975443049952887e-06 0.02732242692760023 0.016247348212933097 -0.050132566758543426
0.7292292292292293 1.1356179002950005e-06 0.025509277752507206 0.01479698886252645 -0.05032820232174483
0.72992992992993 1.0767880400054691e-06 0.023117152336903007 0.012857420016223163 -0.050534263157857084
0.7306306306306306 1.0209055638223909e-06 0.02018068516279793 0.010456977302723866 -0.05075011513698311
0.7313313313313313 9.678281998329364e-07 0.016734510712201014 0.007623996350728135 -0.05097512412922595
0.732032032032032 9.174202614531172e-07 0.012813263467122527 0.004386812788936531 -0.05120865600468858
0.7327327327327328 8.695523569584332e-07 0.008451577909572336 0.0007737622460493448 -0.05145007663347398
0.7334334334334335 8.241011111198548e-07 0.0036840885215603386 -0.0031868196492332163 -0.051698751885685096
0.7341341341341342 7.809488984743334e-07 -0.0014545702149035833 -0.007466597268210806 -0.05195404763142496
0.7348348348348349 7.39983587775782e-07 -0.006929763817809548 -0.012037234982183204 -0.052215329740796526
0.7355355355355355 7.010982971887681e-07 -0.012706857805146729 -0.01687039716244937 -0.05248196408390274
0.7362362362362362 6.641911598028089e-07 -0.01875121769490712 -0.021937748180310565 -0.05275331653084665
0.736936936936937 6.291650990604657e-07 -0.025028209005079863 -0.027210952407065753 -0.05302875295173124
0.7376376376376377 5.95927613706986e-07 -0.03150319725365518 -0.032661674214014697 -0.05330763921665946
0.7383383383383384 5.643905718837109e-07 -0.03814154795862307 -0.038261577972457106 -0.0535893411957343
0.7390390390390391 5.344700140011105e-07 -0.044908626637973764 -0.04398232805369277 -0.05387322475905873
0.7397397397397397 5.060859640406777e-07 -0.05176979880969622 -0.04979558882902042 -0.054158655776735724
0.7404404404404404 4.791622489478706e-07 -0.05869042999178273 -0.0556730246697417 -0.054445000118868325
0.7411411411411412 4.536263257907268e-07 -0.06563588570222242 -0.061586299947155414 -0.05473162365555946
0.7418418418418419 4.294091163708329e-07 -0.07257153145900529 -0.06750707903256128 -0.05501789225691216
0.7425425425425426 4.064448489850513e-07 -0.0794627327801215 -0.07340702629725906 -0.055303171793029356
0.7432432432432433 3.8467090704763525e-07 -0.08627485518356118 -0.07925780611254847 -0.055586828134014055
0.743943943943944 3.6402768429328217e-07 -0.09297326418731447 -0.08503108284972921 -0.05586822714996924
0.7446446446446446 3.4445844629220723e-07 -0.09952332530937037 -0.09069852088010022 -0.05614673471099784
0.7453453453453454 3.259091980184681e-07 -0.10589040406772121 -0.09623178457496294 -0.05642171668720292
0.7460460460460461 3.083285572226597e-07 -0.11203986598035594 -0.10160253830561622 -0.05669253894868745
0.7467467467467468 2.916676333694722e-07 -0.1179370765652648 -0.10678244644335992 -0.056958567365554394
0.7474474474474475 2.7587991190990503e-07 -0.12354740134043772 -0.11174317335949355 -0.057219167807906715
0.7481481481481482 2.60921143666654e-07 -0.128836205823865 -0.11645638342531703 -0.05747370614584743
0.7488488488488488 2.4674923911980747e-07 -0.1337725806060414 -0.12089665851804601 -0.057721614466178045
0.7495495495495496 2.3332416738816455e-07 -0.13835163164778597 -0.1250589559563769 -0.05796278730359415
0.7502502502502503 2.2060785970949606e-07 -0.14257955747102713 -0.12894692083961176 -0.05819731637359094
0.750950950950951 2.0856411723067332e-07 -0.14646259784690505 -0.13256423057375763 -0.05842529412490753
0.7516516516516517 1.9715852292603048e-07 -0.15000699254655936 -0.13591456256482132 -0.05864681300628301
0.7523523523523524 1.863583574694467e-07 -0.15321898134112993 -0.13900159421880973 -0.05886196546645644
0.753053053053053 1.761325188924945e-07 -0.15610480400175614 -0.1418290029417294 -0.059070843954166896
0.7537537537537538 1.6645144586765342e-07 -0.1586707002995789 -0.14440046613958823 -0.05927354091815355
0.7544544544544545 1.5728704446196436e-07 -0.1609229100057373 -0.14671966121839244 -0.059470148807155426
0.7551551551551552 1.4861261821265712e-07 -0.16286767289137138 -0.14879026558414915 -0.05966076006991165
0.7558558558558559 1.4040280138221375e-07 -0.1645112287276208 -0.1506159566428652 -0.0598454671551613
0.7565565565565566 1.3263349525606745e-07 -0.16585981728562557 -0.1522004118005475 -0.060024362511643455
0.7572572572572573 1.2528180735161128e-07 -0.16691967833652538 -0.15354730846320302 -0.06019753858809722
0.757957957957958 1.1832599341251603e-07 -0.16769705165146 -0.15466032403683844 -0.06036508783326166
0.7586586586586587 1.1174540206745297e-07 -0.16819817700156953 -0.15554313592746105 -0.060527102695875905
0.7593593593593594 1.0552042203724124e-07 -0.16842929415799368 -0.15619942154107766 -0.06068367562467904
0.7600600600600601 9.963243177914768e-08 -0.16839664289187214 -0.15663285828369503 -0.060834899068410137
0.7607607607607608 9.406375146165794e-08 -0.1681064629743449 -0.1568471235613202 -0.0609808654758083
0.7614614614614615 8.879759716738448e-08 -0.16756499417655174 -0.15684589477996003 -0.061121667295612615
0.7621621621621621 8.381803722601578e-08 -0.1667784762696326 -0.1566328493456215 -0.061257396976562156
0.7628628628628629 7.910995058325302e-08 -0.1657531490247271 -0.15621166466431147 -0.06138814696739604
0.7635635635635636 7.465898711559647e-08 -0.16449525221297517 -0.1555860181420369 -0.06151400971685338
0.7642642642642643 7.045152980457476e-08 -0.16301102560551659 -0.15475958718480462 -0.06163507767367321
0.764964964964965 6.647465868763492e-08 -0.16130670897349125 -0.15373604919862158 -0.06175144328659464
0.7656656656656657 6.271611650637035e-08 -0.15938854208803893 -0.15251908158949481 -0.061863199004356786
0.7663663663663663 5.91642759760981e-08 -0.15726276472029993 -0.1511123617634313 -0.06197043727569872
0.7670670670670671 5.580810860399722e-08 -0.15493561664141328 -0.1495195671264376 -0.06207325054935953
0.7677677677677678 5.263715498610795e-08 -0.15241333762251913 -0.1477443750845208 -0.06217173127407831
0.7684684684684685 4.964149651643008e-08 -0.14970216743475737 -0.14579046304368787 -0.062265971898594154
0.7691691691691692 4.681172844421995e-08 -0.14680834584926783 -0.14366150840994568 -0.06235606487164616
0.7698698698698699 4.413893421829729e-08 -0.14373811263719036 -0.14136118858930125 -0.06244210264197342
0.7705705705705707 4.161466105980471e-08 -0.14049770756966468 -0.1388931809877613 -0.062524177658315
0.7712712712712713 3.9230896707368036e-08 -0.13709337041783135 -0.1362611630113333 -0.06260238236941001
0.771971971971972 3.6980047281027555e-08 -0.13353134095282893 -0.13346881206602335 -0.06267680922399754
0.7726726726726727 3.4854916213628753e-08 -0.1298178589457979 -0.13051980555783876 -0.06274755067081669
0.7733733733733734 3.284868420057431e-08 -0.12595916416787806 -0.1274178208927864 -0.06281469915860653
0.7740740740740741 3.095489012099065e-08 -0.12196149639020921 -0.12416653547687323 -0.06287834713610618
0.7747747747747749 2.916741288539481e-08 -0.11783109538393118 -0.12076962671610607 -0.06293858705205468
0.7754754754754755 2.7480454166922498e-08 -0.11357420092018455 -0.11723077201649254 -0.06299551135519117
0.7761761761761762 2.5888521975053752e-08 -0.10919705277010772 -0.11355364878403838 -0.06304921249425473
0.7768768768768769 2.438641503258824e-08 -0.10470589070484126 -0.10974193442475104 -0.06309978291798443
0.7775775775775776 2.2969207918345692e-08 -0.10010695449552498 -0.10579930634463747 -0.06314731507511939
0.7782782782782783 2.1632236939733742e-08 -0.09540648391329866 -0.10172944194970457 -0.0631919014143987
0.778978978978979 2.037108670091651e-08 -0.09061071872930221 -0.09753601864595925 -0.06323363438456144
0.7796796796796797 1.9181577333840206e-08 -0.0857258987146762 -0.09322271383940912 -0.06327260643434666
0.7803803803803804 1.805975236083636e-08 -0.08075826364055888 -0.08879320493605976 -0.06330891001249354
0.7810810810810811 1.7001867158925463e-08 -0.07571405327809089 -0.0842511693419187 -0.06334263756774111
0.7817817817817818 1.6004377997279893e-08 -0.07059950739841206 -0.07960028446299293 -0.06337388154882848
0.7824824824824825 1.5063931620598266e-08 -0.06542086577266215 -0.07484422770528927 -0.0634027344044947
0.7831831831831833 1.4177355352366668e-08 -0.060184368171981126 -0.06998667647481477 -0.06342928858347892
0.783883883883884 1.3341647693166641e-08 -0.05489625436750872 -0.06503130817757624 -0.06345363653452021
0.7845845845845846 1.2553969390314848e-08 -0.04956276413038563 -0.059981800219581424 -0.06347587070635766
0.7852852852852853 1.1811634956199717e-08 -0.044190137231749985 -0.05484183000683563 -0.06349608354773034
0.785985985985986 1.1112104613717225e-08 -0.03878461344274248 -0.04961507494534661 -0.06351436750737738
0.7866866866866867 1.0452976648192744e-08 -0.03335243253450293 -0.04430521244112123 -0.06353081503403783
0.7873873873873874 9.831980146126433e-09 -0.02789983427817118 -0.03891591990016648 -0.06354551857645083
0.7880880880880882 9.246968102003302e-09 -0.02243305844488705 -0.03345087472848919 -0.06355857058335543
0.7887887887887888 8.69591087527638e-09 -0.016958344805791233 -0.02791375433209719 -0.06357006350349073
0.7894894894894895 8.17688998045872e-09 -0.011481933132021845 -0.022308236116995683 -0.06358008978559582
0.7901901901901902 7.688092194055354e-09 -0.006010063194719556 -0.016637997489192414 -0.06358874187840982
0.7908908908908909 7.227803962818825e-09 -0.0005489747650241975 -0.010906715854694306 -0.06359611223067178
0.7915915915915916 6.794406098541916e-09 0.004895092385924359 -0.005118068619508266 -0.06360229329112081
0.7922922922922924 6.386368745289351e-09 0.010315898486986337 0.0007242668103587665 -0.06360737750849602
0.7929929929929931 6.002246605633889e-09 0.015707203767021866 0.006616613028899893 -0.06361145733153645
0.7936936936936937 5.640674413094441e-09 0.021062768454890288 0.01255529263010722 -0.06361462520898124
0.7943943943943944 5.300362638576503e-09 0.026376352779453473 0.018536628207975782 -0.06361697358956946
0.7950950950950951 4.9800934191953065e-09 0.0316417169695707 0.024556942356497635 -0.0636185949220402
0.7957957957957958 4.678716698409665e-09 0.03685262125410221 0.03061255766966591 -0.06361958165513255
0.7964964964964966 4.395146566924148e-09 0.04200282586190813 0.03669979674147372 -0.06362002623758561
0.7971971971971973 4.1283577943185006e-09 0.04708609102184862 0.04281498216591411 -0.06362002111813847
0.7978978978978979 3.877382541843432e-09 0.05209617696278309 0.04895443653697921 -0.06361965874553024
0.7985985985985986 3.64130724728016e-09 0.05702684391357329 0.055114482448664036 -0.06361903156849996
0.7992992992992993 3.419269673199389e-09 0.061871852103078585 0.0612914424949607 -0.06361823203578677
0.8 3.2104561103712005e-09 0.06662496176015911 0.06748163926986227 -0.06361735259612973
